0001.1999-12-10.farmer	0	0	0	-45.1804014119	2	0
	
0001.1999-12-10.kaminski	0	0	0	-29.2677249677	3	0
	
0001.2000-01-17.beck	0	0	0	-3342.33808665	172	0
	
0001.2000-06-06.lokay	0	0	0	-3522.4396139	331	0
	
0001.2001-02-07.kitchen	0	0	0	-296.616165359	347	0
	
0001.2001-04-02.williams	0	0	0	-1334.11143014	382	0
	
0002.1999-12-13.farmer	0	0	0	-2451.39606899	533	0
	
0002.2001-02-07.kitchen	0	0	0	-441.423956864	547	0
	
0002.2001-05-25.SA_and_HP	1	1	-580.585189834	0	547	28
	
0002.2003-12-18.GP	1	1	-1271.18760769	0	547	108
	
0002.2004-08-01.BG	1	1	-842.49703422	0	547	134
	
0003.1999-12-10.kaminski	0	0	0	-385.786005164	569	134
	
0003.1999-12-14.farmer	0	0	0	-78.1739447433	576	134
	
0003.2000-01-17.beck	0	0	0	-1206.75037001	634	134
	
0003.2001-02-08.kitchen	0	0	0	-1206.0298534	693	134
	
0003.2003-12-18.GP	1	1	-850.11614704	0	693	169
	
0003.2004-08-01.BG	1	1	-777.571951075	0	693	216
	
0004.1999-12-10.kaminski	0	0	0	-1089.66154215	766	216
	
0004.1999-12-14.farmer	0	0	0	-937.172462477	835	216
	
0004.2001-04-02.williams	0	0	0	-637.738893656	854	216
	
0004.2001-06-12.SA_and_HP	1	1	-877.620643676	0	854	243
	
0004.2004-08-01.BG	1	1	-763.728722202	0	854	283
	
0005.1999-12-12.kaminski	0	0	0	-756.113434581	912	283
	
0005.1999-12-14.farmer	0	0	0	-961.144390879	985	283
	
0005.2000-06-06.lokay	0	0	0	-412.746839794	1007	283
	
0005.2001-02-08.kitchen	0	0	0	-810.548427599	1053	283
	
0005.2001-06-23.SA_and_HP	1	1	-189.528995341	0	1053	293
	
0005.2003-12-18.GP	1	1	-7468.19533464	0	1053	719
	
0006.1999-12-13.kaminski	0	0	0	-489.54993355	1072	719
	
0006.2001-02-08.kitchen	0	0	0	-9456.16133725	1458	719
	
0006.2001-04-03.williams	0	0	0	-299.546930024	1469	719
	
0006.2001-06-25.SA_and_HP	1	1	-378.50895135	0	1469	738
	
0006.2003-12-18.GP	1	1	-1121.50912546	0	1469	818
	
0006.2004-08-01.BG	1	1	-1056.96215186	0	1469	880
	
0007.1999-12-13.kaminski	0	0	0	-1435.50126304	1517	880
	
0007.1999-12-14.farmer	0	0	0	-672.90737836	1557	880
	
0007.2000-01-17.beck	0	0	0	-2673.32391105	1712	880
	
0007.2001-02-09.kitchen	0	0	0	-1635.47479626	1786	880
	
0007.2003-12-18.GP	1	1	-1235.12903286	0	1786	956
	
0007.2004-08-01.BG	1	1	-1479.50055729	0	1786	1084
	
0008.2001-02-09.kitchen	0	0	0	-3915.36614358	2056	1084
	
0008.2001-06-12.SA_and_HP	1	1	-877.620643676	0	2056	1111
	
0008.2001-06-25.SA_and_HP	1	1	-4195.37081559	0	2056	1334
	
0008.2003-12-18.GP	1	1	-1008.78894374	0	2056	1381
	
0008.2004-08-01.BG	1	1	-5859.5125205	0	2056	1674
	
0009.1999-12-13.kaminski	0	0	0	-5289.79535164	2487	1674
	
0009.1999-12-14.farmer	0	0	0	-486.517578029	2517	1674
	
0009.2000-06-07.lokay	0	0	0	-2654.63401691	2668	1674
	
0009.2001-02-09.kitchen	0	0	0	-5454.75628351	2915	1674
	
0009.2001-06-26.SA_and_HP	1	1	-1253.45789989	0	2915	1743
	
0009.2003-12-18.GP	1	1	-763.547834685	0	2915	1800
	
0010.1999-12-14.farmer	0	0	0	-1197.87382572	3011	1800
	
0010.1999-12-14.kaminski	0	0	0	-200.854698552	3022	1800
	
0010.2001-02-09.kitchen	0	0	0	-2891.14080336	3159	1800
	
0010.2001-06-28.SA_and_HP	1	1	-3348.04629779	0	3159	1957
	
0010.2003-12-18.GP	1	1	-55.544130958	0	3159	1961
	
0010.2004-08-01.BG	1	1	-2304.62295083	0	3159	2134
	
0011.1999-12-14.farmer	0	0	0	-1874.32366113	3239	2134
	
0011.2001-06-28.SA_and_HP	1	1	-3340.45897135	0	3239	2291
	
0011.2001-06-29.SA_and_HP	1	1	-15573.6832935	0	3239	2935
	
0011.2003-12-18.GP	1	1	-517.627953571	0	3239	2966
	
0011.2004-08-01.BG	1	1	-676.196389212	0	3239	2999
	
0012.1999-12-14.farmer	0	0	0	-3036.08198704	3373	2999
	
0012.1999-12-14.kaminski	0	0	0	-845.005813696	3431	2999
	
0012.2000-01-17.beck	0	0	0	-2662.24623012	3584	2999
	
0012.2000-06-08.lokay	0	0	0	-902.153057749	3612	2999
	
0012.2001-02-09.kitchen	0	0	0	-476.657647699	3631	2999
	
0012.2003-12-19.GP	1	1	-152.50445142	0	3631	3007
	
0013.1999-12-14.farmer	0	0	0	-1755.98456133	3693	3007
	
0013.1999-12-14.kaminski	0	0	0	-1108.64582483	3757	3007
	
0013.2001-04-03.williams	0	0	0	-651.871532608	3774	3007
	
0013.2001-06-30.SA_and_HP	1	1	-28125.304783	0	3774	4065
	
0013.2004-08-01.BG	1	1	-1506.20801266	0	3774	4134
	
0014.1999-12-14.kaminski	0	0	0	-1605.6262088	3852	4134
	
0014.1999-12-15.farmer	0	0	0	-1023.50100866	3922	4134
	
0014.2001-02-12.kitchen	0	0	0	-1293.86575525	4004	4134
	
0014.2001-07-04.SA_and_HP	1	1	-3461.74769341	0	4004	4259
	
0014.2003-12-19.GP	1	1	-161.491479461	0	4004	4267
	
0014.2004-08-01.BG	1	1	-802.141296862	0	4004	4311
	
0015.1999-12-14.kaminski	0	0	0	-556.220321466	4036	4311
	
0015.1999-12-15.farmer	0	0	0	-677.705981268	4093	4311
	
0015.2000-06-09.lokay	0	0	0	-130.023002779	4097	4311
	
0015.2001-02-12.kitchen	0	0	0	-4913.10072481	4306	4311
	
0015.2001-07-05.SA_and_HP	1	1	-873.662663148	0	4306	4346
	
0015.2003-12-19.GP	1	1	-1279.41793207	0	4306	4422
	
0016.1999-12-15.farmer	0	0	0	-699.879485372	4325	4422
	
0016.2001-02-12.kitchen	0	0	0	-1110.23712435	4395	4422
	
0016.2001-07-05.SA_and_HP	1	1	-873.662663148	0	4395	4457
	
0016.2001-07-06.SA_and_HP	1	1	-16439.0730052	0	4395	5190
	
0016.2003-12-19.GP	1	1	-784.977988487	0	4395	5249
	
0016.2004-08-01.BG	1	1	-656.801017714	0	4395	5278
	
0017.1999-12-14.kaminski	0	0	0	-377.62120336	4407	5278
	
0017.2000-01-17.beck	0	0	0	-2673.34242728	4561	5278
	
0017.2001-04-03.williams	0	0	0	-433.533781101	4570	5278
	
0017.2003-12-18.GP	1	1	-211.269540889	0	4570	5285
	
0017.2004-08-01.BG	1	1	-912.401322368	0	4570	5373
	
0017.2004-08-02.BG	1	1	-2511.18457304	0	4570	5474
	
0018.1999-12-14.kaminski	0	0	0	-985.679962231	4589	5474
	
0018.2001-07-13.SA_and_HP	1	1	-3279.75765495	0	4589	5599
	
0018.2003-12-18.GP	1	1	-3406.90589716	0	4589	5734
	
Training error: 0.0%	
Accuracy: 100.0%	
