1900,NA
1993,NA
2567,NA
6667,NA
4667,NA
2175,NA
2851,NA
9256,NA
7524,NA
6487,NA
7552,NA
7486,NA
9366,NA
957,NA
4881,NA
6056,NA
7449,NA
4383,NA
694,NA
8549,NA
2532,NA
7487,NA
4560,NA
2256,NA
1681,NA
7409,NA
4470,NA
6301,NA
6285,NA
6439,NA
3070,NA
99,NA
8271,NA
5082,NA
4721,NA
244,NA
8326,NA
3826,NA
301,NA
4777,NA
9259,NA
2828,NA
3821,NA
8352,NA
8863,NA
3759,NA
4570,NA
985,NA
2977,NA
160,NA
2664,NA
7529,NA
7041,NA
8100,NA
8568,NA
3599,NA
9047,NA
6760,NA
7474,NA
1548,NA
7597,NA
246,NA
5598,NA
5174,NA
7710,NA
6443,NA
11,NA
3761,NA
3976,NA
2400,NA
9108,NA
2577,NA
4531,NA
8193,NA
706,NA
7366,NA
354,NA
6415,NA
8950,NA
6386,NA
6503,NA
3336,NA
3415,NA
4334,NA
9089,NA
5010,NA
5551,NA
473,NA
9123,NA
937,NA
7398,NA
5240,NA
8153,NA
2207,NA
9421,NA
8649,NA
4692,NA
7458,NA
2245,NA
6704,NA
8624,NA
4746,NA
9177,NA
8358,NA
3330,NA
7348,NA
4610,NA
6221,NA
4923,NA
5739,NA
4902,NA
155,NA
7791,NA
6872,NA
7791,NA
8651,NA
4819,NA
8966,NA
8574,NA
3755,NA
2656,NA
9795,NA
7742,NA
1557,NA
9892,NA
9933,NA
6639,NA
1236,NA
2848,NA
6495,NA
9926,NA
8995,NA
3225,NA
9871,NA
7342,NA
1501,NA
6267,NA
625,NA
4821,NA
4111,NA
8607,NA
8726,NA
4244,NA
3202,NA
5759,NA
4965,NA
4788,NA
2341,NA
9029,NA
349,NA
3350,NA
8147,NA
2013,NA
8782,NA
2979,NA
1486,NA
7089,NA
11,NA
5520,NA
5166,NA
9643,NA
4867,NA
3549,NA
2507,NA
8055,NA
6769,NA
5257,NA
1698,NA
5247,NA
9465,NA
6457,NA
6002,NA
2615,NA
6277,NA
5627,NA
3861,NA
8481,NA
4080,NA
6686,NA
1253,NA
9092,NA
8264,NA
7735,NA
3352,NA
307,NA
9012,NA
4755,NA
4194,NA
7141,NA
900,NA
5239,NA
8899,NA
4831,NA
7938,NA
3581,NA
2937,NA
2517,NA
1550,NA
2874,NA
7020,NA
6912,NA
400,NA
5421,NA
4676,NA
8347,NA
6331,NA
4297,NA
9874,NA
4869,NA
3592,NA
8345,NA
7506,NA
2297,NA
5346,NA
3496,NA
4157,NA
9982,NA
9700,NA
8230,NA
8396,NA
7548,NA
6625,NA
3466,NA
6538,NA
253,NA
985,NA
4727,NA
8434,NA
4713,NA
6322,NA
3792,NA
8080,NA
8958,NA
2903,NA
6124,NA
7121,NA
2373,NA
4893,NA
2779,NA
8366,NA
3975,NA
2880,NA
2622,NA
4634,NA
7379,NA
7362,NA
7618,NA
3329,NA
3898,NA
6601,NA
6558,NA
33,NA
3978,NA
4879,NA
4767,NA
9574,NA
4319,NA
6163,NA
6103,NA
5045,NA
9340,NA
9139,NA
8246,NA
4393,NA
8416,NA
1874,NA
9327,NA
8568,NA
4904,NA
5828,NA
6235,NA
55,NA
4589,NA
7490,NA
1337,NA
245,NA
9746,NA
8366,NA
154,NA
9047,NA
5140,NA
3870,NA
9858,NA
4279,NA
664,NA
2090,NA
4188,NA
4537,NA
3494,NA
6462,NA
4211,NA
2763,NA
3390,NA
5917,NA
1213,NA
4610,NA
742,NA
8954,NA
7609,NA
3904,NA
2776,NA
3434,NA
2981,NA
3095,NA
2480,NA
1199,NA
6254,NA
2165,NA
545,NA
5322,NA
4383,NA
7092,NA
931,NA
4977,NA
7545,NA
959,NA
9511,NA
9318,NA
3998,NA
4632,NA
591,NA
3534,NA
7237,NA
2555,NA
1283,NA
6020,NA
7103,NA
6986,NA
6902,NA
2853,NA
652,NA
470,NA
1029,NA
5846,NA
9121,NA
49,NA
5144,NA
1312,NA
8540,NA
4632,NA
2255,NA
3956,NA
5772,NA
1129,NA
9086,NA
4713,NA
2672,NA
4522,NA
8333,NA
5459,NA
9130,NA
5264,NA
2657,NA
5622,NA
719,NA
8367,NA
4258,NA
6636,NA
9641,NA
7578,NA
8781,NA
645,NA
6326,NA
9241,NA
4172,NA
3545,NA
7945,NA
411,NA
3194,NA
402,NA
5767,NA
469,NA
4235,NA
9895,NA
3057,NA
4221,NA
1052,NA
8923,NA
2572,NA
5900,NA
6309,NA
9267,NA
5420,NA
3735,NA
5121,NA
7104,NA
5263,NA
233,NA
7184,NA
1161,NA
1844,NA
8400,NA
9427,NA
4649,NA
896,NA
2966,NA
8611,NA
766,NA
3656,NA
7085,NA
1126,NA
4880,NA
2321,NA
4763,NA
4279,NA
5442,NA
7790,NA
9567,NA
252,NA
8738,NA
4062,NA
8297,NA
2875,NA
9888,NA
7320,NA
7896,NA
4727,NA
3939,NA
1644,NA
456,NA
7631,NA
8918,NA
9795,NA
9379,NA
9849,NA
7852,NA
4538,NA
5918,NA
1082,NA
5777,NA
9092,NA
1559,NA
8069,NA
7326,NA
9492,NA
7726,NA
5105,NA
1084,NA
7484,NA
256,NA
2628,NA
6073,NA
523,NA
520,NA
1941,NA
2548,NA
6255,NA
1682,NA
5649,NA
7308,NA
9027,NA
8900,NA
471,NA
5620,NA
6352,NA
7434,NA
5535,NA
9049,NA
5442,NA
4186,NA
6613,NA
4328,NA
1910,NA
7238,NA
194,NA
6886,NA
2160,NA
2654,NA
8516,NA
1516,NA
7980,NA
929,NA
2656,NA
4038,NA
6829,NA
5241,NA
1950,NA
3396,NA
5582,NA
8413,NA
6431,NA
7380,NA
1910,NA
9211,NA
1046,NA
7787,NA
2239,NA
8865,NA
9995,NA
8349,NA
7159,NA
2412,NA
5020,NA
8408,NA
5935,NA
5891,NA
9949,NA
4568,NA
6791,NA
2343,NA
2621,NA
6428,NA
9934,NA
3827,NA
6512,NA
9620,NA
4062,NA
361,NA
6352,NA
9859,NA
3696,NA
9647,NA
9408,NA
8006,NA
2767,NA
5314,NA
6964,NA
353,NA
1630,NA
7326,NA
8987,NA
9792,NA
543,NA
7164,NA
9715,NA
5552,NA
4902,NA
5606,NA
4650,NA
6842,NA
8131,NA
5652,NA
1233,NA
2163,NA
3790,NA
2018,NA
371,NA
328,NA
3186,NA
2567,NA
7483,NA
4447,NA
8762,NA
1210,NA
2106,NA
4257,NA
6940,NA
6709,NA
9854,NA
6961,NA
6183,NA
1713,NA
3452,NA
6185,NA
683,NA
9539,NA
5427,NA
2267,NA
2829,NA
6781,NA
7224,NA
4062,NA
6284,NA
4185,NA
6107,NA
7128,NA
5913,NA
9432,NA
5064,NA
3704,NA
2930,NA
4345,NA
7318,NA
6730,NA
1368,NA
5590,NA
9127,NA
9489,NA
2169,NA
8164,NA
4550,NA
1706,NA
6088,NA
5083,NA
447,NA
616,NA
2169,NA
8911,NA
6704,NA
8876,NA
4637,NA
3507,NA
6967,NA
8192,NA
4003,NA
3463,NA
9019,NA
3655,NA
120,NA
1093,NA
4322,NA
913,NA
5383,NA
7506,NA
6720,NA
3504,NA
5137,NA
1018,NA
8131,NA
5371,NA
5163,NA
5152,NA
8348,NA
434,NA
9095,NA
794,NA
9836,NA
1643,NA
3559,NA
5791,NA
5511,NA
9910,NA
1891,NA
4513,NA
4082,NA
4697,NA
5424,NA
5172,NA
1373,NA
6247,NA
8821,NA
6522,NA
1728,NA
8806,NA
9693,NA
5814,NA
8629,NA
5996,NA
8086,NA
9570,NA
1049,NA
7254,NA
8572,NA
6501,NA
8238,NA
9383,NA
8730,NA
7821,NA
4772,NA
8149,NA
7310,NA
6598,NA
3270,NA
7210,NA
213,NA
7091,NA
6498,NA
9648,NA
9731,NA
3576,NA
8101,NA
2041,NA
9949,NA
2074,NA
9697,NA
6217,NA
2696,NA
1392,NA
1165,NA
9689,NA
3079,NA
1001,NA
1218,NA
6012,NA
3802,NA
4990,NA
862,NA
2138,NA
5455,NA
1795,NA
9187,NA
9475,NA
546,NA
7623,NA
2618,NA
825,NA
9443,NA
9187,NA
6024,NA
4918,NA
2393,NA
3731,NA
1218,NA
5117,NA
5351,NA
9878,NA
6506,NA
136,NA
8275,NA
4624,NA
2112,NA
3510,NA
9027,NA
9235,NA
5080,NA
7922,NA
934,NA
8302,NA
6542,NA
5735,NA
7538,NA
3012,NA
2754,NA
9691,NA
1573,NA
8928,NA
7972,NA
2370,NA
1093,NA
3372,NA
7662,NA
7405,NA
5692,NA
6925,NA
8369,NA
1395,NA
2063,NA
9422,NA
2675,NA
7092,NA
4837,NA
4551,NA
45,NA
2435,NA
4479,NA
4639,NA
1889,NA
3119,NA
9143,NA
6165,NA
9434,NA
3513,NA
6576,NA
356,NA
6427,NA
8215,NA
7261,NA
8308,NA
1678,NA
4415,NA
3491,NA
1576,NA
6599,NA
1041,NA
7721,NA
8539,NA
9136,NA
154,NA
1293,NA
822,NA
7675,NA
5664,NA
296,NA
6087,NA
3029,NA
8999,NA
7749,NA
6265,NA
7431,NA
8566,NA
4241,NA
8216,NA
4439,NA
2422,NA
332,NA
3485,NA
5803,NA
4207,NA
6145,NA
6963,NA
9445,NA
6126,NA
3474,NA
7982,NA
6078,NA
5689,NA
2900,NA
6367,NA
8651,NA
2922,NA
5965,NA
1185,NA
4312,NA
9331,NA
1121,NA
414,NA
8985,NA
7068,NA
6503,NA
7401,NA
5680,NA
4893,NA
6497,NA
2760,NA
2178,NA
9160,NA
218,NA
7123,NA
5285,NA
8984,NA
198,NA
134,NA
6228,NA
3317,NA
5103,NA
2083,NA
210,NA
8173,NA
9491,NA
7181,NA
3835,NA
1087,NA
2731,NA
5265,NA
8360,NA
4184,NA
7076,NA
8655,NA
3269,NA
9202,NA
5470,NA
6271,NA
9293,NA
9678,NA
9477,NA
1599,NA
7876,NA
3455,NA
3667,NA
4886,NA
770,NA
2930,NA
4233,NA
5538,NA
1349,NA
1383,NA
4952,NA
2958,NA
8334,NA
9521,NA
4417,NA
5538,NA
1824,NA
6890,NA
7500,NA
9894,NA
5043,NA
1339,NA
2579,NA
5349,NA
2026,NA
8823,NA
1997,NA
9105,NA
7894,NA
1806,NA
1585,NA
2657,NA
9462,NA
7894,NA
1262,NA
3483,NA
6355,NA
2513,NA
5396,NA
2432,NA
6241,NA
4042,NA
5842,NA
346,NA
2226,NA
7558,NA
9016,NA
2551,NA
8786,NA
8332,NA
3239,NA
6092,NA
762,NA
7905,NA
6056,NA
9836,NA
1942,NA
8366,NA
6670,NA
8080,NA
3007,NA
52,NA
1752,NA
8956,NA
4942,NA
8362,NA
9727,NA
1492,NA
3666,NA
2780,NA
1081,NA
6996,NA
9158,NA
8885,NA
1319,NA
3346,NA
2761,NA
7678,NA
7710,NA
6925,NA
334,NA
6882,NA
3353,NA
2122,NA
3781,NA
8036,NA
3694,NA
9164,NA
1348,NA
5009,NA
1502,NA
1561,NA
46,NA
7900,NA
8913,NA
5610,NA
4957,NA
8755,NA
5771,NA
4683,NA
6967,NA
6347,NA
6324,NA
4058,NA
1380,NA
5372,NA
5024,NA
3343,NA
5137,NA
7400,NA
9356,NA
9934,NA
3941,NA
94,NA
8674,NA
8909,NA
8204,NA
2708,NA
5325,NA
7399,NA
9932,NA
2087,NA
3999,NA
1374,NA
2793,NA
5710,NA
5245,NA
9736,NA
9488,NA
7518,NA
8313,NA
8617,NA
3504,NA
9756,NA
8629,NA
3927,NA
9586,NA
1480,NA
6539,NA
5147,NA
7019,NA
197,NA
7630,NA
2716,NA
1224,NA
5053,NA
9829,NA
854,NA
736,NA
5818,NA
4560,NA
2957,NA
5029,NA
1227,NA
5804,NA
9728,NA
194,NA
8073,NA
3479,NA
5010,NA
3446,NA
1729,NA
7969,NA
749,NA
4777,NA
7363,NA
6810,NA
9986,NA
5110,NA
2676,NA
8679,NA
6841,NA
1191,NA
4434,NA
3617,NA
5174,NA
6248,NA
2210,NA
7552,NA
5253,NA
4055,NA
2304,NA
3831,NA
8651,NA
4930,NA
4545,NA
9219,NA
5724,NA
716,NA
9169,NA
1183,NA
7685,NA
622,NA
1731,NA
9728,NA
1649,NA
6436,NA
9664,NA
4772,NA
9169,NA
4950,NA
4973,NA
1606,NA
265,NA
1439,NA
496,NA
3078,NA
1588,NA
2169,NA
7780,NA
9922,NA
7907,NA
4117,NA
2152,NA
3446,NA
1834,NA
8452,NA
9862,NA
8396,NA
2751,NA
6289,NA
7439,NA
2265,NA
3474,NA
4403,NA
9529,NA
5392,NA
8084,NA
2731,NA
2910,NA
6296,NA
458,NA
9220,NA
9603,NA
4110,NA
3171,NA
2824,NA
6420,NA
7892,NA
8846,NA
2869,NA
1780,NA
2191,NA
4826,NA
9232,NA
4253,NA
1300,NA
914,NA
8769,NA
693,NA
2156,NA
4781,NA
3269,NA
6560,NA
2240,NA
9637,NA
9870,NA
6994,NA
9704,NA
2468,NA
2273,NA
5431,NA
4398,NA
7188,NA
5770,NA
371,NA
3303,NA
6947,NA
3864,NA
4913,NA
8653,NA
6925,NA
6032,NA
7188,NA
9729,NA
2611,NA
8055,NA
3319,NA
1918,NA
2408,NA
666,NA
4003,NA
7732,NA
9252,NA
2863,NA
433,NA
2684,NA
419,NA
8087,NA
6468,NA
2849,NA
4150,NA
1515,NA
3975,NA
6256,NA
2514,NA
8221,NA
4900,NA
3406,NA
3253,NA
7505,NA
545,NA
3820,NA
2523,NA
7530,NA
9257,NA
1512,NA
221,NA
8039,NA
6829,NA
9267,NA
5825,NA
7939,NA
3889,NA
9766,NA
8075,NA
1634,NA
7026,NA
8033,NA
575,NA
3925,NA
9585,NA
3098,NA
5408,NA
2296,NA
6612,NA
987,NA
2530,NA
7516,NA
8116,NA
3481,NA
7890,NA
6180,NA
1462,NA
6938,NA
7454,NA
340,NA
7589,NA
5430,NA
2534,NA
1276,NA
3804,NA
1898,NA
1653,NA
7173,NA
3837,NA
2885,NA
3063,NA
4064,NA
5614,NA
6424,NA
8732,NA
5732,NA
8308,NA
1962,NA
6676,NA
7627,NA
6629,NA
2588,NA
4899,NA
1148,NA
5203,NA
9126,NA
1101,NA
182,NA
6275,NA
415,NA
8374,NA
5112,NA
5896,NA
8550,NA
6200,NA
9119,NA
5311,NA
8279,NA
517,NA
953,NA
8355,NA
5300,NA
4610,NA
374,NA
3577,NA
4403,NA
2822,NA
3909,NA
1880,NA
8167,NA
849,NA
4338,NA
6797,NA
8692,NA
360,NA
187,NA
6118,NA
8335,NA
3069,NA
8688,NA
4112,NA
3147,NA
1762,NA
8426,NA
7468,NA
1867,NA
2594,NA
2125,NA
8301,NA
8484,NA
6855,NA
8964,NA
1745,NA
6735,NA
6189,NA
9407,NA
7825,NA
395,NA
3021,NA
9871,NA
6281,NA
3278,NA
4234,NA
2698,NA
7732,NA
7191,NA
9203,NA
7324,NA
4846,NA
711,NA
3662,NA
9950,NA
4085,NA
1523,NA
9007,NA
4922,NA
4555,NA
697,NA
845,NA
5792,NA
3193,NA
8951,NA
7137,NA
9500,NA
3599,NA
8497,NA
3492,NA
7344,NA
8172,NA
4627,NA
2630,NA
7674,NA
8233,NA
62,NA
2160,NA
1859,NA
4627,NA
1231,NA
7596,NA
3444,NA
6141,NA
9601,NA
1818,NA
3998,NA
3674,NA
3668,NA
4827,NA
2756,NA
5044,NA
6049,NA
3554,NA
2293,NA
1148,NA
4314,NA
6897,NA
2713,NA
898,NA
5076,NA
318,NA
8535,NA
3444,NA
6464,NA
6915,NA
5704,NA
5856,NA
320,NA
1321,NA
331,NA
6006,NA
8096,NA
4896,NA
2084,NA
9750,NA
7254,NA
5201,NA
9262,NA
7398,NA
403,NA
6460,NA
6812,NA
5959,NA
4896,NA
8993,NA
2869,NA
1708,NA
7259,NA
4425,NA
2566,NA
9943,NA
1944,NA
7023,NA
9349,NA
548,NA
4279,NA
3252,NA
4172,NA
2727,NA
1982,NA
9894,NA
8545,NA
8770,NA
6968,NA
875,NA
1473,NA
7138,NA
1175,NA
5428,NA
1046,NA
7902,NA
400,NA
581,NA
3949,NA
785,NA
9113,NA
2476,NA
2023,NA
8171,NA
5453,NA
6539,NA
2706,NA
3835,NA
7769,NA
3289,NA
2416,NA
1572,NA
5227,NA
3643,NA
9846,NA
8485,NA
8405,NA
8842,NA
3764,NA
7661,NA
9368,NA
8237,NA
7230,NA
4825,NA
5495,NA
297,NA
3221,NA
8718,NA
8966,NA
3817,NA
3733,NA
4422,NA
3396,NA
37,NA
7892,NA
4533,NA
6285,NA
9658,NA
6392,NA
7154,NA
1386,NA
4251,NA
3261,NA
1250,NA
8859,NA
1352,NA
2973,NA
3333,NA
9682,NA
7933,NA
4624,NA
8595,NA
6547,NA
8332,NA
7118,NA
1945,NA
6685,NA
1677,NA
4839,NA
7559,NA
5287,NA
3387,NA
5250,NA
6581,NA
9814,NA
2757,NA
7288,NA
4902,NA
3564,NA
520,NA
887,NA
364,NA
3208,NA
4171,NA
7149,NA
4797,NA
3088,NA
3501,NA
6478,NA
1279,NA
3061,NA
1208,NA
2314,NA
7401,NA
1734,NA
1047,NA
2778,NA
7800,NA
8959,NA
7674,NA
7051,NA
2786,NA
4424,NA
4052,NA
7514,NA
7935,NA
5437,NA
592,NA
6755,NA
4766,NA
8090,NA
4241,NA
5003,NA
3465,NA
9096,NA
8155,NA
8724,NA
7359,NA
7337,NA
9453,NA
4081,NA
4749,NA
9589,NA
2106,NA
1362,NA
7751,NA
1239,NA
3237,NA
5407,NA
6126,NA
5406,NA
877,NA
159,NA
7506,NA
5656,NA
6966,NA
8184,NA
4129,NA
9259,NA
4432,NA
3388,NA
3674,NA
2726,NA
9721,NA
6112,NA
600,NA
9395,NA
1933,NA
197,NA
5433,NA
3316,NA
8835,NA
4560,NA
5762,NA
5302,NA
9483,NA
4251,NA
6107,NA
8358,NA
1963,NA
7356,NA
9325,NA
5822,NA
6183,NA
8801,NA
1479,NA
9527,NA
7503,NA
7812,NA
9629,NA
6955,NA
2683,NA
9782,NA
4745,NA
7273,NA
1838,NA
9088,NA
6536,NA
7166,NA
6911,NA
1051,NA
2447,NA
8770,NA
1791,NA
2185,NA
9937,NA
8562,NA
2729,NA
7323,NA
7524,NA
7793,NA
7395,NA
4609,NA
3945,NA
7844,NA
5835,NA
8026,NA
4263,NA
5969,NA
102,NA
9074,NA
7078,NA
128,NA
3839,NA
7959,NA
5771,NA
9558,NA
8939,NA
1845,NA
7235,NA
8850,NA
4612,NA
8613,NA
9709,NA
9996,NA
4439,NA
8398,NA
9486,NA
1296,NA
5282,NA
6054,NA
210,NA
6418,NA
5042,NA
8285,NA
4512,NA
5784,NA
4122,NA
1179,NA
851,NA
752,NA
1280,NA
4723,NA
768,NA
7847,NA
328,NA
7691,NA
8586,NA
6727,NA
3619,NA
8479,NA
2209,NA
1732,NA
5898,NA
4441,NA
7003,NA
5252,NA
2958,NA
9917,NA
214,NA
9778,NA
1996,NA
3638,NA
4492,NA
5878,NA
2772,NA
9880,NA
1958,NA
3385,NA
734,NA
3708,NA
4773,NA
2965,NA
9604,NA
8731,NA
4891,NA
4972,NA
8470,NA
3347,NA
6238,NA
335,NA
8975,NA
7047,NA
4544,NA
9474,NA
938,NA
3386,NA
7631,NA
7341,NA
4014,NA
7796,NA
8762,NA
6749,NA
7041,NA
1596,NA
3686,NA
8086,NA
9612,NA
8486,NA
1859,NA
5675,NA
3440,NA
3413,NA
728,NA
8625,NA
7205,NA
4092,NA
3539,NA
8521,NA
3413,NA
3202,NA
4845,NA
6038,NA
9330,NA
6148,NA
5766,NA
3862,NA
2398,NA
2217,NA
5834,NA
4577,NA
5020,NA
1202,NA
9378,NA
2740,NA
6945,NA
4261,NA
3452,NA
8075,NA
9915,NA
6958,NA
9146,NA
4830,NA
4640,NA
9871,NA
8067,NA
2139,NA
980,NA
6465,NA
7195,NA
8403,NA
3758,NA
6011,NA
9262,NA
618,NA
3995,NA
5157,NA
6208,NA
5582,NA
6034,NA
2104,NA
237,NA
3215,NA
754,NA
7537,NA
1544,NA
5695,NA
6023,NA
4685,NA
7673,NA
6954,NA
7269,NA
2672,NA
1016,NA
1698,NA
1143,NA
5734,NA
8211,NA
2617,NA
3910,NA
7194,NA
2676,NA
1166,NA
4163,NA
6122,NA
1553,NA
8080,NA
5312,NA
3759,NA
5327,NA
6837,NA
8615,NA
9361,NA
1857,NA
8234,NA
2368,NA
3237,NA
7093,NA
1370,NA
466,NA
2847,NA
1089,NA
9359,NA
2054,NA
7138,NA
4207,NA
2402,NA
893,NA
4798,NA
5351,NA
9530,NA
4059,NA
7707,NA
8356,NA
2641,NA
7111,NA
1504,NA
5213,NA
2639,NA
3020,NA
6623,NA
7444,NA
8717,NA
2143,NA
5032,NA
5873,NA
5895,NA
3459,NA
3191,NA
6424,NA
4794,NA
7205,NA
870,NA
811,NA
1371,NA
7609,NA
6250,NA
4862,NA
8892,NA
8055,NA
6009,NA
4032,NA
7567,NA
3281,NA
9136,NA
2104,NA
1367,NA
8603,NA
114,NA
7271,NA
9381,NA
1835,NA
2525,NA
9670,NA
7942,NA
2410,NA
4482,NA
7331,NA
598,NA
6709,NA
7975,NA
3794,NA
354,NA
4776,NA
9974,NA
1062,NA
3045,NA
3270,NA
1546,NA
7953,NA
4153,NA
241,NA
6887,NA
4764,NA
2157,NA
4342,NA
8933,NA
1835,NA
5529,NA
8354,NA
4249,NA
7820,NA
5375,NA
4847,NA
3398,NA
2171,NA
1436,NA
2172,NA
1225,NA
9582,NA
7852,NA
8902,NA
9326,NA
6878,NA
6591,NA
3437,NA
9032,NA
8512,NA
8546,NA
1767,NA
4865,NA
9003,NA
6924,NA
1834,NA
7264,NA
3822,NA
5836,NA
5855,NA
8766,NA
4467,NA
6547,NA
9051,NA
9622,NA
8596,NA
1641,NA
508,NA
864,NA
4915,NA
7626,NA
370,NA
7129,NA
2987,NA
7266,NA
7747,NA
3259,NA
4116,NA
1019,NA
2687,NA
8559,NA
3636,NA
7972,NA
936,NA
1265,NA
8663,NA
5803,NA
1070,NA
9601,NA
1467,NA
2937,NA
6368,NA
9216,NA
3581,NA
5213,NA
5149,NA
3435,NA
1028,NA
9932,NA
3578,NA
8686,NA
9233,NA
1257,NA
1826,NA
6209,NA
1582,NA
9502,NA
7873,NA
7004,NA
2017,NA
8004,NA
5252,NA
178,NA
8413,NA
9007,NA
4884,NA
7289,NA
60,NA
5115,NA
2594,NA
514,NA
4637,NA
1840,NA
8939,NA
7722,NA
5638,NA
3934,NA
6330,NA
3572,NA
5392,NA
1648,NA
5006,NA
5551,NA
5705,NA
5829,NA
1487,NA
1085,NA
6483,NA
3783,NA
1627,NA
3385,NA
3618,NA
7954,NA
2633,NA
144,NA
6696,NA
8360,NA
881,NA
5041,NA
5139,NA
4947,NA
2426,NA
4300,NA
8954,NA
680,NA
4359,NA
4373,NA
7205,NA
4692,NA
8582,NA
2234,NA
3608,NA
9112,NA
1927,NA
430,NA
1692,NA
2158,NA
1515,NA
4231,NA
9594,NA
4207,NA
4881,NA
673,NA
2158,NA
2466,NA
7675,NA
8267,NA
8778,NA
6059,NA
8076,NA
8064,NA
1613,NA
2201,NA
9401,NA
5073,NA
6744,NA
6101,NA
6144,NA
7436,NA
5016,NA
8827,NA
6596,NA
3207,NA
8865,NA
6626,NA
1786,NA
3352,NA
4617,NA
8143,NA
1827,NA
6818,NA
674,NA
7389,NA
9178,NA
1321,NA
8497,NA
7633,NA
9383,NA
4747,NA
5910,NA
274,NA
9450,NA
5067,NA
2119,NA
4016,NA
2533,NA
2163,NA
1671,NA
8311,NA
8438,NA
1479,NA
1033,NA
7101,NA
4501,NA
5800,NA
1567,NA
8047,NA
9555,NA
5440,NA
7939,NA
971,NA
3959,NA
6526,NA
6324,NA
6255,NA
6676,NA
8731,NA
8207,NA
9465,NA
4836,NA
7106,NA
1354,NA
4413,NA
8754,NA
1339,NA
4808,NA
9616,NA
6373,NA
1339,NA
6802,NA
2523,NA
7890,NA
8662,NA
9116,NA
5693,NA
3168,NA
255,NA
7236,NA
3755,NA
8695,NA
6372,NA
9594,NA
7883,NA
9818,NA
1465,NA
6342,NA
3261,NA
7274,NA
8157,NA
1304,NA
177,NA
3586,NA
7096,NA
1157,NA
4668,NA
1353,NA
6793,NA
4924,NA
8237,NA
2652,NA
4155,NA
95,NA
3813,NA
9785,NA
202,NA
8321,NA
4927,NA
7916,NA
3982,NA
5405,NA
2503,NA
9414,NA
3712,NA
7829,NA
7144,NA
9697,NA
4521,NA
5891,NA
2815,NA
2708,NA
5026,NA
8869,NA
6595,NA
2970,NA
7360,NA
1754,NA
9288,NA
2353,NA
5175,NA
8935,NA
9013,NA
7283,NA
1256,NA
8828,NA
8115,NA
2863,NA
1007,NA
7933,NA
3267,NA
1141,NA
5048,NA
9455,NA
2511,NA
8840,NA
3123,NA
4979,NA
9484,NA
798,NA
8797,NA
6107,NA
4358,NA
6974,NA
6328,NA
9212,NA
1240,NA
385,NA
2352,NA
82,NA
1684,NA
957,NA
5579,NA
2798,NA
4072,NA
492,NA
4951,NA
6854,NA
2205,NA
3874,NA
7664,NA
2831,NA
5807,NA
737,NA
6047,NA
5809,NA
2391,NA
9816,NA
9800,NA
5348,NA
8894,NA
8431,NA
4388,NA
531,NA
813,NA
2068,NA
6916,NA
8909,NA
4982,NA
9507,NA
8079,NA
5838,NA
6658,NA
3018,NA
6418,NA
3537,NA
8804,NA
226,NA
9472,NA
1232,NA
2054,NA
4917,NA
6083,NA
4990,NA
8859,NA
2990,NA
7937,NA
1949,NA
7619,NA
4095,NA
4807,NA
8549,NA
8532,NA
2346,NA
6394,NA
7041,NA
2826,NA
5901,NA
6743,NA
6921,NA
6513,NA
9341,NA
7783,NA
6717,NA
4039,NA
4678,NA
4645,NA
6175,NA
6396,NA
9210,NA
5041,NA
4357,NA
6468,NA
4729,NA
8190,NA
4153,NA
6943,NA
7987,NA
457,NA
3056,NA
4951,NA
8130,NA
902,NA
6717,NA
7335,NA
8516,NA
9107,NA
3973,NA
6781,NA
6859,NA
9139,NA
717,NA
6958,NA
5283,NA
635,NA
8459,NA
6750,NA
4107,NA
6351,NA
6998,NA
4645,NA
3228,NA
4185,NA
104,NA
8743,NA
6097,NA
5701,NA
4075,NA
2507,NA
4666,NA
1112,NA
4189,NA
8601,NA
3786,NA
3064,NA
8239,NA
2229,NA
4677,NA
4041,NA
1806,NA
3331,NA
1605,NA
6976,NA
3870,NA
3117,NA
9984,NA
4860,NA
1968,NA
7475,NA
2223,NA
402,NA
8350,NA
8528,NA
2269,NA
573,NA
5703,NA
4982,NA
6133,NA
5509,NA
8816,NA
8814,NA
4663,NA
9656,NA
9757,NA
5832,NA
9045,NA
5687,NA
2596,NA
8480,NA
6918,NA
9109,NA
7054,NA
6274,NA
847,NA
7031,NA
7103,NA
950,NA
2297,NA
421,NA
3223,NA
4045,NA
2639,NA
5198,NA
8597,NA
9726,NA
503,NA
6441,NA
7149,NA
5803,NA
6606,NA
2528,NA
7044,NA
2926,NA
607,NA
5266,NA
6964,NA
7841,NA
9181,NA
8993,NA
8892,NA
9625,NA
6457,NA
1661,NA
6823,NA
6171,NA
6924,NA
9395,NA
772,NA
5100,NA
976,NA
9337,NA
3903,NA
5661,NA
1589,NA
4196,NA
7733,NA
3637,NA
5003,NA
1061,NA
3433,NA
963,NA
5148,NA
8376,NA
1704,NA
9008,NA
3931,NA
4926,NA
1001,NA
5175,NA
3551,NA
1989,NA
1676,NA
3045,NA
8979,NA
2255,NA
6973,NA
757,NA
1392,NA
260,NA
8291,NA
4388,NA
2778,NA
9222,NA
6901,NA
2998,NA
4342,NA
6067,NA
6824,NA
6729,NA
3885,NA
2557,NA
7071,NA
122,NA
5615,NA
6696,NA
260,NA
895,NA
8095,NA
1271,NA
8611,NA
9345,NA
9548,NA
594,NA
6055,NA
9118,NA
9879,NA
5903,NA
3794,NA
7260,NA
4308,NA
5591,NA
511,NA
3346,NA
2898,NA
4026,NA
9595,NA
9512,NA
821,NA
1530,NA
5528,NA
1089,NA
400,NA
7447,NA
4767,NA
3283,NA
87,NA
6409,NA
5342,NA
6066,NA
7362,NA
7028,NA
6018,NA
4604,NA
805,NA
8163,NA
4061,NA
4321,NA
8522,NA
7714,NA
1446,NA
4481,NA
4856,NA
2469,NA
7037,NA
4233,NA
841,NA
5140,NA
6916,NA
3810,NA
9595,NA
868,NA
6422,NA
5117,NA
7986,NA
221,NA
7647,NA
9262,NA
7779,NA
6566,NA
8939,NA
8090,NA
1779,NA
4248,NA
3153,NA
322,NA
3970,NA
9685,NA
8440,NA
169,NA
1231,NA
4476,NA
1191,NA
4986,NA
1488,NA
6610,NA
1796,NA
2972,NA
8835,NA
3842,NA
954,NA
3074,NA
4182,NA
7131,NA
7644,NA
7585,NA
6691,NA
2908,NA
7073,NA
7213,NA
1553,NA
6518,NA
9426,NA
6669,NA
5591,NA
2840,NA
4140,NA
4927,NA
1065,NA
3852,NA
7354,NA
9659,NA
734,NA
1789,NA
8998,NA
608,NA
6519,NA
8663,NA
7186,NA
8404,NA
7717,NA
8223,NA
1713,NA
8775,NA
2557,NA
692,NA
3220,NA
3290,NA
8593,NA
6985,NA
9383,NA
506,NA
932,NA
9392,NA
9910,NA
2541,NA
5112,NA
7329,NA
2030,NA
4725,NA
3383,NA
2395,NA
6856,NA
4554,NA
149,NA
7411,NA
9965,NA
4329,NA
8298,NA
5004,NA
8871,NA
8284,NA
7215,NA
5927,NA
5864,NA
8333,NA
3760,NA
2874,NA
6105,NA
7758,NA
2082,NA
1099,NA
7892,NA
2435,NA
3897,NA
9083,NA
4940,NA
3579,NA
688,NA
6351,NA
9484,NA
4818,NA
3669,NA
7042,NA
4936,NA
8369,NA
3992,NA
7616,NA
8571,NA
7602,NA
1788,NA
1842,NA
7858,NA
6818,NA
2298,NA
4705,NA
6002,NA
9591,NA
2538,NA
715,NA
8696,NA
4402,NA
751,NA
2977,NA
6168,NA
4234,NA
693,NA
4943,NA
9195,NA
2542,NA
8026,NA
1124,NA
799,NA
955,NA
527,NA
9188,NA
3691,NA
1998,NA
9013,NA
540,NA
2391,NA
5011,NA
3842,NA
874,NA
9006,NA
7636,NA
3659,NA
9531,NA
448,NA
3641,NA
3940,NA
5003,NA
293,NA
5454,NA
6728,NA
5056,NA
5,NA
8929,NA
6184,NA
3020,NA
3180,NA
7752,NA
5189,NA
8006,NA
5184,NA
2251,NA
7216,NA
4910,NA
253,NA
5722,NA
5430,NA
3148,NA
3378,NA
9046,NA
265,NA
9832,NA
62,NA
2494,NA
2769,NA
4963,NA
1903,NA
3361,NA
7760,NA
9985,NA
1739,NA
7744,NA
1367,NA
7031,NA
1498,NA
989,NA
4779,NA
7768,NA
4981,NA
6093,NA
766,NA
5730,NA
7728,NA
2031,NA
9789,NA
5929,NA
2250,NA
7213,NA
1531,NA
7207,NA
1210,NA
5038,NA
3462,NA
2139,NA
656,NA
4804,NA
7983,NA
2081,NA
2943,NA
9788,NA
6666,NA
6825,NA
9086,NA
8400,NA
6201,NA
7562,NA
1685,NA
6896,NA
6850,NA
4357,NA
2310,NA
645,NA
4564,NA
2647,NA
8571,NA
9979,NA
6480,NA
6349,NA
5062,NA
8695,NA
6498,NA
401,NA
9353,NA
5119,NA
7530,NA
5474,NA
2783,NA
9535,NA
7634,NA
7990,NA
345,NA
7938,NA
5581,NA
7890,NA
4981,NA
5909,NA
7198,NA
508,NA
4396,NA
4258,NA
9662,NA
5009,NA
8004,NA
5292,NA
9770,NA
2033,NA
8747,NA
9402,NA
6767,NA
8487,NA
17,NA
7848,NA
7072,NA
6310,NA
9636,NA
8935,NA
4112,NA
6357,NA
5909,NA
2226,NA
6920,NA
6579,NA
5869,NA
2444,NA
6310,NA
7584,NA
239,NA
8516,NA
9335,NA
139,NA
8655,NA
256,NA
9813,NA
2198,NA
228,NA
1948,NA
4585,NA
152,NA
9982,NA
599,NA
8715,NA
4828,NA
792,NA
5419,NA
6301,NA
4161,NA
5681,NA
2832,NA
9990,NA
3466,NA
1058,NA
8801,NA
9588,NA
1127,NA
1581,NA
2657,NA
6884,NA
5360,NA
3956,NA
9308,NA
3885,NA
4319,NA
2261,NA
4104,NA
8008,NA
6620,NA
1321,NA
7752,NA
1451,NA
8120,NA
1498,NA
2670,NA
6164,NA
8666,NA
5279,NA
9491,NA
3963,NA
9648,NA
6674,NA
5113,NA
2054,NA
9574,NA
9362,NA
9329,NA
2025,NA
6463,NA
6915,NA
298,NA
9716,NA
9934,NA
6390,NA
5859,NA
9782,NA
5632,NA
3780,NA
8696,NA
7085,NA
4651,NA
6653,NA
4474,NA
7562,NA
4575,NA
2158,NA
5016,NA
4504,NA
7345,NA
4442,NA
5966,NA
3673,NA
4005,NA
5349,NA
881,NA
469,NA
4,NA
8369,NA
2355,NA
7572,NA
3384,NA
393,NA
6133,NA
3612,NA
685,NA
8592,NA
3181,NA
2397,NA
919,NA
5886,NA
3337,NA
6070,NA
6702,NA
6456,NA
340,NA
6057,NA
2487,NA
7996,NA
7580,NA
8834,NA
4312,NA
4261,NA
2622,NA
9301,NA
5439,NA
3274,NA
1288,NA
6440,NA
4833,NA
739,NA
8367,NA
9084,NA
4313,NA
4226,NA
1766,NA
4525,NA
3797,NA
953,NA
3166,NA
1426,NA
3414,NA
5965,NA
4325,NA
6229,NA
1236,NA
2551,NA
1393,NA
1247,NA
6929,NA
120,NA
7367,NA
6163,NA
4005,NA
557,NA
2532,NA
1613,NA
685,NA
4749,NA
89,NA
8190,NA
8174,NA
2345,NA
7913,NA
4206,NA
6972,NA
882,NA
311,NA
3801,NA
7202,NA
2866,NA
7987,NA
7769,NA
2842,NA
6360,NA
6749,NA
7894,NA
1504,NA
5779,NA
1847,NA
1515,NA
9751,NA
4803,NA
7791,NA
7830,NA
5218,NA
8249,NA
4862,NA
4931,NA
7385,NA
6663,NA
8610,NA
9355,NA
7678,NA
9471,NA
7580,NA
9630,NA
5299,NA
4959,NA
559,NA
888,NA
88,NA
8076,NA
8139,NA
7632,NA
9506,NA
2152,NA
8247,NA
2619,NA
703,NA
1340,NA
4896,NA
7282,NA
8202,NA
2101,NA
1659,NA
8516,NA
2327,NA
985,NA
5793,NA
3080,NA
5024,NA
931,NA
2093,NA
1136,NA
4018,NA
8178,NA
4865,NA
9560,NA
8064,NA
9242,NA
1203,NA
6718,NA
3865,NA
7732,NA
238,NA
1853,NA
6141,NA
620,NA
7966,NA
6085,NA
3423,NA
8750,NA
5458,NA
9568,NA
9829,NA
387,NA
2437,NA
5954,NA
6992,NA
5555,NA
3874,NA
6334,NA
7827,NA
9793,NA
6291,NA
3905,NA
3803,NA
6966,NA
2660,NA
3373,NA
8956,NA
5900,NA
397,NA
667,NA
9928,NA
4532,NA
1320,NA
3398,NA
267,NA
7986,NA
1537,NA
5639,NA
4160,NA
942,NA
803,NA
4423,NA
4308,NA
6999,NA
965,NA
1137,NA
610,NA
842,NA
3800,NA
2676,NA
9121,NA
5913,NA
7848,NA
675,NA
2206,NA
3889,NA
470,NA
904,NA
6099,NA
6325,NA
7437,NA
7453,NA
474,NA
4098,NA
6318,NA
3379,NA
7256,NA
3776,NA
5399,NA
5002,NA
8938,NA
6340,NA
4212,NA
3998,NA
4810,NA
7946,NA
2661,NA
6093,NA
9871,NA
5956,NA
5685,NA
6975,NA
2775,NA
7313,NA
3338,NA
6062,NA
6760,NA
2445,NA
8704,NA
404,NA
8222,NA
8553,NA
9502,NA
2317,NA
1505,NA
9032,NA
3917,NA
8189,NA
7152,NA
2772,NA
5033,NA
1121,NA
7864,NA
6573,NA
8266,NA
561,NA
4019,NA
2824,NA
5463,NA
5938,NA
9891,NA
1950,NA
4041,NA
5201,NA
3217,NA
6064,NA
1577,NA
5441,NA
6003,NA
4851,NA
994,NA
4167,NA
317,NA
531,NA
9376,NA
2145,NA
1837,NA
8927,NA
9171,NA
8722,NA
5058,NA
7001,NA
3511,NA
3199,NA
582,NA
5852,NA
4403,NA
454,NA
4435,NA
6486,NA
9597,NA
24,NA
2069,NA
9716,NA
1959,NA
4114,NA
161,NA
5972,NA
7144,NA
4972,NA
4091,NA
1402,NA
454,NA
5583,NA
7402,NA
9082,NA
9800,NA
9344,NA
5359,NA
5007,NA
8907,NA
4457,NA
8887,NA
2810,NA
5439,NA
4648,NA
4093,NA
2596,NA
9054,NA
7534,NA
2971,NA
7613,NA
7765,NA
1891,NA
6861,NA
9199,NA
4726,NA
2367,NA
4530,NA
4656,NA
3189,NA
4155,NA
2620,NA
6218,NA
2520,NA
2128,NA
4364,NA
8723,NA
6340,NA
5968,NA
1236,NA
7319,NA
972,NA
1609,NA
2321,NA
6497,NA
8741,NA
8944,NA
1345,NA
7616,NA
8804,NA
6004,NA
3120,NA
1418,NA
1438,NA
8207,NA
4881,NA
6171,NA
2452,NA
6642,NA
865,NA
1086,NA
5283,NA
9680,NA
2900,NA
93,NA
889,NA
4766,NA
7063,NA
8548,NA
968,NA
7470,NA
9623,NA
5994,NA
9234,NA
5496,NA
4635,NA
5855,NA
7576,NA
4559,NA
4941,NA
2701,NA
4966,NA
8815,NA
2061,NA
3842,NA
4222,NA
1777,NA
8280,NA
1089,NA
775,NA
2123,NA
6915,NA
147,NA
7609,NA
612,NA
8785,NA
1453,NA
5010,NA
8793,NA
8473,NA
1106,NA
4215,NA
7935,NA
6810,NA
3405,NA
8045,NA
4118,NA
6987,NA
4412,NA
9632,NA
1833,NA
7110,NA
4904,NA
1784,NA
6303,NA
1103,NA
8672,NA
1831,NA
8004,NA
4539,NA
9368,NA
7902,NA
8642,NA
1152,NA
7341,NA
6525,NA
1560,NA
6741,NA
4864,NA
7314,NA
4188,NA
3849,NA
3633,NA
7430,NA
7864,NA
3753,NA
3782,NA
244,NA
3288,NA
8174,NA
5570,NA
210,NA
1174,NA
556,NA
2046,NA
7561,NA
6303,NA
9949,NA
460,NA
1749,NA
74,NA
8753,NA
1479,NA
3847,NA
5680,NA
2801,NA
4125,NA
5756,NA
8749,NA
9290,NA
7186,NA
5402,NA
9798,NA
4500,NA
7963,NA
1207,NA
4501,NA
2030,NA
2540,NA
8584,NA
9682,NA
2032,NA
7196,NA
7644,NA
9612,NA
7291,NA
45,NA
6376,NA
3868,NA
2381,NA
8853,NA
3192,NA
7038,NA
1516,NA
7600,NA
5058,NA
4567,NA
8722,NA
3882,NA
1183,NA
1069,NA
1912,NA
7775,NA
3825,NA
1731,NA
3590,NA
8953,NA
1016,NA
4207,NA
5701,NA
5518,NA
1553,NA
59,NA
5393,NA
6971,NA
8551,NA
2380,NA
8158,NA
7078,NA
6260,NA
5548,NA
8821,NA
9768,NA
4287,NA
2093,NA
2783,NA
7018,NA
8051,NA
1538,NA
6681,NA
2854,NA
2073,NA
5505,NA
7084,NA
8205,NA
6679,NA
7655,NA
9112,NA
4093,NA
4877,NA
9745,NA
8917,NA
4453,NA
9239,NA
4101,NA
1026,NA
8213,NA
2329,NA
6496,NA
6304,NA
9141,NA
6539,NA
5535,NA
4289,NA
1622,NA
2460,NA
9864,NA
2864,NA
9616,NA
6226,NA
4136,NA
6394,NA
5522,NA
9284,NA
5565,NA
9345,NA
6375,NA
6273,NA
1840,NA
1040,NA
9111,NA
7282,NA
8463,NA
2399,NA
4557,NA
3967,NA
1343,NA
1055,NA
1561,NA
8827,NA
7528,NA
7411,NA
3342,NA
5322,NA
8844,NA
4324,NA
5058,NA
4655,NA
5886,NA
2695,NA
1981,NA
1235,NA
7986,NA
191,NA
1621,NA
7853,NA
3272,NA
9654,NA
5253,NA
9084,NA
7950,NA
5531,NA
7495,NA
4272,NA
1844,NA
168,NA
1611,NA
8198,NA
9222,NA
4356,NA
8102,NA
379,NA
8959,NA
8667,NA
3107,NA
7501,NA
959,NA
4481,NA
357,NA
1710,NA
520,NA
9055,NA
4369,NA
591,NA
325,NA
2398,NA
9580,NA
4183,NA
6848,NA
2831,NA
8787,NA
264,NA
8337,NA
6966,NA
3000,NA
9917,NA
975,NA
5337,NA
2519,NA
18,NA
5928,NA
4139,NA
4523,NA
4113,NA
859,NA
27,NA
8019,NA
6313,NA
6301,NA
9913,NA
1687,NA
7468,NA
2383,NA
8250,NA
3787,NA
365,NA
3608,NA
9821,NA
3702,NA
6510,NA
243,NA
4692,NA
827,NA
1030,NA
9513,NA
4653,NA
6601,NA
6299,NA
5628,NA
6431,NA
9293,NA
1259,NA
5738,NA
1040,NA
7402,NA
3926,NA
9744,NA
4203,NA
359,NA
3176,NA
9134,NA
1251,NA
4274,NA
2673,NA
4735,NA
3717,NA
8460,NA
4937,NA
8816,NA
2783,NA
513,NA
1950,NA
6730,NA
9407,NA
3637,NA
8792,NA
1954,NA
9047,NA
80,NA
7782,NA
7945,NA
2431,NA
6065,NA
394,NA
6268,NA
2504,NA
4045,NA
9506,NA
8677,NA
8784,NA
5701,NA
7802,NA
5744,NA
9207,NA
9600,NA
9057,NA
710,NA
7628,NA
9737,NA
7870,NA
925,NA
8203,NA
6103,NA
6024,NA
9213,NA
6445,NA
4852,NA
9449,NA
3234,NA
407,NA
41,NA
1406,NA
8416,NA
5499,NA
5461,NA
8114,NA
6789,NA
8689,NA
9260,NA
676,NA
932,NA
3385,NA
8062,NA
5764,NA
2011,NA
5996,NA
683,NA
6609,NA
1320,NA
9027,NA
4587,NA
7742,NA
8874,NA
1204,NA
6402,NA
3035,NA
3432,NA
3604,NA
667,NA
4272,NA
9424,NA
5067,NA
4644,NA
8654,NA
5477,NA
2985,NA
4149,NA
2402,NA
384,NA
9339,NA
2141,NA
7415,NA
1058,NA
166,NA
9738,NA
9109,NA
537,NA
2480,NA
5260,NA
1894,NA
5764,NA
2054,NA
6250,NA
4203,NA
9853,NA
1402,NA
7791,NA
3568,NA
758,NA
2726,NA
4904,NA
3088,NA
4472,NA
7316,NA
5547,NA
2072,NA
4457,NA
7078,NA
8811,NA
6060,NA
6866,NA
8469,NA
7966,NA
1989,NA
3817,NA
8184,NA
5879,NA
2444,NA
5136,NA
7174,NA
8484,NA
9499,NA
883,NA
8027,NA
2749,NA
5637,NA
6254,NA
2819,NA
5432,NA
4568,NA
3023,NA
9203,NA
2913,NA
3448,NA
6283,NA
8214,NA
9918,NA
7264,NA
2288,NA
9144,NA
5441,NA
7180,NA
6692,NA
4557,NA
6788,NA
5391,NA
6677,NA
4789,NA
6503,NA
7252,NA
1453,NA
6515,NA
3275,NA
9155,NA
1827,NA
4619,NA
2059,NA
5963,NA
9737,NA
6022,NA
73,NA
4496,NA
7713,NA
3021,NA
2029,NA
929,NA
5529,NA
6740,NA
7404,NA
2086,NA
5798,NA
7113,NA
5256,NA
6531,NA
2845,NA
4554,NA
649,NA
2547,NA
805,NA
4898,NA
5892,NA
1397,NA
1074,NA
411,NA
4377,NA
302,NA
8539,NA
3099,NA
9455,NA
5076,NA
9094,NA
5123,NA
5374,NA
5482,NA
136,NA
4199,NA
429,NA
6712,NA
8320,NA
360,NA
9370,NA
1877,NA
2033,NA
5421,NA
7673,NA
1922,NA
4216,NA
6134,NA
12,NA
6964,NA
4223,NA
4229,NA
898,NA
1076,NA
2159,NA
2244,NA
3423,NA
1665,NA
6745,NA
7618,NA
8349,NA
7785,NA
7603,NA
2042,NA
728,NA
7905,NA
6913,NA
611,NA
1203,NA
9866,NA
4966,NA
5457,NA
5978,NA
1792,NA
256,NA
5243,NA
9310,NA
6495,NA
1253,NA
7326,NA
6445,NA
6348,NA
1286,NA
4976,NA
6184,NA
8437,NA
9297,NA
2124,NA
5536,NA
8108,NA
6944,NA
8014,NA
3491,NA
3765,NA
465,NA
2219,NA
2116,NA
7173,NA
7599,NA
8805,NA
6933,NA
9095,NA
9880,NA
8854,NA
427,NA
2869,NA
1876,NA
4895,NA
81,NA
30,NA
4218,NA
7657,NA
4454,NA
8328,NA
3965,NA
9157,NA
1251,NA
4164,NA
4583,NA
257,NA
1037,NA
7278,NA
9341,NA
2727,NA
8102,NA
8300,NA
1019,NA
3204,NA
8161,NA
2664,NA
3380,NA
4416,NA
4921,NA
1905,NA
8767,NA
5013,NA
5669,NA
2829,NA
6910,NA
9870,NA
7865,NA
8369,NA
9648,NA
8554,NA
2412,NA
3449,NA
6639,NA
2629,NA
7871,NA
8900,NA
768,NA
7354,NA
1785,NA
3412,NA
2257,NA
8972,NA
1108,NA
69,NA
2688,NA
438,NA
5089,NA
9173,NA
2351,NA
1784,NA
7268,NA
6839,NA
5997,NA
5021,NA
5675,NA
8699,NA
8474,NA
8516,NA
6341,NA
7437,NA
141,NA
9483,NA
9044,NA
3275,NA
5928,NA
2141,NA
448,NA
5226,NA
464,NA
5043,NA
7647,NA
7239,NA
5436,NA
8545,NA
9779,NA
4607,NA
3536,NA
7795,NA
7558,NA
6815,NA
1694,NA
120,NA
8333,NA
8881,NA
2127,NA
7528,NA
5445,NA
3721,NA
4507,NA
3336,NA
6389,NA
8802,NA
1370,NA
7832,NA
3438,NA
4159,NA
209,NA
3632,NA
4432,NA
5326,NA
1441,NA
9259,NA
596,NA
2227,NA
9687,NA
4528,NA
3651,NA
9230,NA
2549,NA
3740,NA
2369,NA
9214,NA
2167,NA
8181,NA
7374,NA
8638,NA
465,NA
7109,NA
1307,NA
2814,NA
3022,NA
5956,NA
4992,NA
650,NA
7714,NA
4768,NA
7492,NA
4697,NA
8130,NA
3775,NA
2200,NA
1171,NA
9770,NA
8474,NA
199,NA
7438,NA
5216,NA
375,NA
107,NA
8158,NA
5352,NA
427,NA
4926,NA
4670,NA
6463,NA
2531,NA
5533,NA
3874,NA
3867,NA
7593,NA
3479,NA
5976,NA
544,NA
6301,NA
2905,NA
2437,NA
5230,NA
8892,NA
6387,NA
7825,NA
5798,NA
4926,NA
5974,NA
1133,NA
229,NA
2171,NA
8488,NA
4371,NA
4079,NA
7758,NA
5412,NA
5466,NA
1560,NA
616,NA
7401,NA
575,NA
270,NA
695,NA
9051,NA
6937,NA
3187,NA
6911,NA
5462,NA
2067,NA
8028,NA
9700,NA
8730,NA
7204,NA
990,NA
2259,NA
1130,NA
1702,NA
2440,NA
1997,NA
5672,NA
7890,NA
4508,NA
8830,NA
6383,NA
263,NA
4349,NA
3914,NA
7422,NA
1154,NA
8383,NA
8821,NA
5375,NA
6582,NA
7125,NA
7723,NA
2726,NA
9706,NA
5579,NA
2347,NA
7730,NA
6128,NA
5317,NA
7982,NA
8098,NA
307,NA
4045,NA
1089,NA
5884,NA
4818,NA
5049,NA
9988,NA
6538,NA
2323,NA
3054,NA
3350,NA
9583,NA
7193,NA
4351,NA
7506,NA
2615,NA
8257,NA
572,NA
8757,NA
3050,NA
7521,NA
134,NA
5114,NA
8202,NA
3968,NA
3378,NA
7668,NA
7977,NA
5946,NA
293,NA
7484,NA
4637,NA
2890,NA
8551,NA
6273,NA
845,NA
678,NA
1100,NA
8401,NA
2628,NA
735,NA
8008,NA
8445,NA
3941,NA
7027,NA
8093,NA
3028,NA
2390,NA
1819,NA
6046,NA
6737,NA
113,NA
8033,NA
711,NA
1438,NA
3552,NA
5307,NA
3500,NA
5937,NA
8342,NA
9748,NA
4531,NA
8890,NA
1708,NA
1790,NA
7705,NA
3445,NA
4162,NA
4769,NA
1330,NA
9284,NA
8789,NA
162,NA
5545,NA
8701,NA
7513,NA
4504,NA
8353,NA
163,NA
421,NA
3698,NA
3790,NA
1397,NA
6336,NA
3857,NA
8860,NA
9633,NA
8019,NA
9222,NA
1479,NA
9633,NA
7043,NA
1081,NA
2787,NA
3327,NA
5533,NA
2408,NA
9559,NA
3341,NA
5258,NA
1281,NA
3324,NA
5815,NA
3671,NA
8875,NA
9541,NA
9006,NA
4569,NA
7734,NA
1375,NA
3545,NA
3030,NA
7291,NA
5885,NA
1449,NA
8681,NA
7191,NA
7645,NA
3029,NA
3004,NA
7179,NA
5229,NA
8734,NA
1252,NA
8830,NA
3117,NA
171,NA
8548,NA
3184,NA
7774,NA
4690,NA
1081,NA
1812,NA
149,NA
1937,NA
8910,NA
3780,NA
3669,NA
8732,NA
7192,NA
4310,NA
9961,NA
3149,NA
3732,NA
4993,NA
5806,NA
2657,NA
8519,NA
9846,NA
8967,NA
2329,NA
2144,NA
9408,NA
6317,NA
935,NA
4042,NA
8019,NA
257,NA
5661,NA
5996,NA
2907,NA
2377,NA
1675,NA
6395,NA
2526,NA
2687,NA
6394,NA
7232,NA
8215,NA
8652,NA
1745,NA
5434,NA
1725,NA
4727,NA
5224,NA
1129,NA
8691,NA
6356,NA
3264,NA
8936,NA
5129,NA
5600,NA
9238,NA
6201,NA
4991,NA
8085,NA
3388,NA
2488,NA
2527,NA
5698,NA
7060,NA
976,NA
5686,NA
6941,NA
7389,NA
6822,NA
8931,NA
6011,NA
5343,NA
2788,NA
3309,NA
2848,NA
4158,NA
4445,NA
8725,NA
7063,NA
8650,NA
8987,NA
2136,NA
8859,NA
8689,NA
7688,NA
2189,NA
2915,NA
8712,NA
7342,NA
4350,NA
9330,NA
9222,NA
9280,NA
970,NA
3164,NA
3227,NA
2214,NA
146,NA
3831,NA
2163,NA
5653,NA
3466,NA
1674,NA
6738,NA
8008,NA
885,NA
3756,NA
9064,NA
328,NA
2654,NA
738,NA
5084,NA
5668,NA
9511,NA
9833,NA
6587,NA
4001,NA
137,NA
7445,NA
2730,NA
1397,NA
2215,NA
3426,NA
8034,NA
9795,NA
5407,NA
9902,NA
1849,NA
6073,NA
7191,NA
6413,NA
2586,NA
1532,NA
5936,NA
6403,NA
1134,NA
1574,NA
550,NA
4301,NA
9959,NA
6739,NA
3280,NA
6747,NA
9356,NA
1777,NA
4878,NA
9767,NA
3041,NA
4960,NA
7279,NA
4088,NA
3266,NA
8303,NA
4959,NA
5612,NA
789,NA
2623,NA
9909,NA
5803,NA
6263,NA
9718,NA
3481,NA
7670,NA
705,NA
6109,NA
4467,NA
2515,NA
788,NA
9030,NA
45,NA
1075,NA
8477,NA
5108,NA
3543,NA
3881,NA
6827,NA
1749,NA
3640,NA
3082,NA
3585,NA
8513,NA
7273,NA
1108,NA
5897,NA
6442,NA
5646,NA
3792,NA
7822,NA
1242,NA
1468,NA
7183,NA
958,NA
4973,NA
591,NA
7339,NA
845,NA
1899,NA
1198,NA
1872,NA
1632,NA
6226,NA
3654,NA
2694,NA
349,NA
3910,NA
9396,NA
1172,NA
4409,NA
424,NA
1646,NA
8439,NA
2903,NA
7445,NA
7398,NA
4636,NA
735,NA
9296,NA
7029,NA
7502,NA
1227,NA
4462,NA
65,NA
1019,NA
2692,NA
5395,NA
1174,NA
2894,NA
5236,NA
10,NA
9973,NA
6913,NA
1155,NA
3876,NA
1038,NA
6853,NA
7833,NA
2975,NA
1507,NA
392,NA
7972,NA
6391,NA
9408,NA
3037,NA
1271,NA
2056,NA
3639,NA
9181,NA
8028,NA
4191,NA
6357,NA
4347,NA
8120,NA
2288,NA
9285,NA
4291,NA
9831,NA
207,NA
4167,NA
5186,NA
5694,NA
4606,NA
1820,NA
1685,NA
1477,NA
6212,NA
9845,NA
7129,NA
3142,NA
8361,NA
6431,NA
8977,NA
7146,NA
5692,NA
8949,NA
4978,NA
561,NA
9577,NA
4597,NA
7366,NA
4654,NA
5137,NA
8122,NA
1398,NA
3060,NA
8371,NA
9057,NA
9380,NA
264,NA
3317,NA
6568,NA
7045,NA
3056,NA
8185,NA
686,NA
8710,NA
1345,NA
7932,NA
9932,NA
9753,NA
7839,NA
3828,NA
5719,NA
7428,NA
596,NA
1945,NA
4008,NA
4555,NA
8454,NA
7609,NA
9973,NA
1212,NA
2658,NA
6626,NA
2382,NA
8763,NA
4396,NA
1355,NA
174,NA
5583,NA
9993,NA
7630,NA
2321,NA
238,NA
1760,NA
5704,NA
1860,NA
6471,NA
8826,NA
1585,NA
8859,NA
9036,NA
1452,NA
7919,NA
2393,NA
6367,NA
9607,NA
3197,NA
8879,NA
1263,NA
1315,NA
9481,NA
4415,NA
3014,NA
5370,NA
8314,NA
1301,NA
7406,NA
7322,NA
7996,NA
3228,NA
7084,NA
2359,NA
5894,NA
749,NA
1014,NA
4684,NA
6280,NA
9536,NA
4176,NA
9229,NA
5269,NA
1396,NA
3556,NA
4520,NA
1252,NA
1279,NA
3783,NA
6149,NA
4693,NA
8432,NA
6545,NA
46,NA
3330,NA
7375,NA
8482,NA
5577,NA
9364,NA
7235,NA
7711,NA
1697,NA
7831,NA
9902,NA
7837,NA
7698,NA
5361,NA
7899,NA
8738,NA
7191,NA
6424,NA
2169,NA
6592,NA
849,NA
6258,NA
3212,NA
3103,NA
1042,NA
7373,NA
1492,NA
3956,NA
2718,NA
4928,NA
3412,NA
2600,NA
183,NA
9011,NA
892,NA
6275,NA
7610,NA
4221,NA
4748,NA
8629,NA
5000,NA
5020,NA
7376,NA
4025,NA
7723,NA
3872,NA
3789,NA
4718,NA
6939,NA
6017,NA
5417,NA
6052,NA
7926,NA
5227,NA
3425,NA
6361,NA
8112,NA
333,NA
859,NA
5026,NA
4210,NA
9,NA
807,NA
1831,NA
5678,NA
653,NA
4318,NA
8811,NA
5686,NA
5799,NA
3184,NA
5268,NA
7531,NA
664,NA
4073,NA
6342,NA
3261,NA
1142,NA
4482,NA
3133,NA
587,NA
6822,NA
4066,NA
1782,NA
5017,NA
9942,NA
3296,NA
44,NA
8422,NA
9376,NA
2995,NA
9077,NA
8455,NA
2721,NA
6774,NA
768,NA
2691,NA
7470,NA
5578,NA
3895,NA
5331,NA
7229,NA
9882,NA
7303,NA
7160,NA
34,NA
8490,NA
9511,NA
2087,NA
2958,NA
9105,NA
677,NA
7836,NA
936,NA
6443,NA
1602,NA
5847,NA
1890,NA
1003,NA
4993,NA
9448,NA
3722,NA
5654,NA
2232,NA
7300,NA
7379,NA
8862,NA
5269,NA
7933,NA
5981,NA
9719,NA
2892,NA
1533,NA
9472,NA
5530,NA
7904,NA
4691,NA
567,NA
9743,NA
9789,NA
6560,NA
3541,NA
4652,NA
2297,NA
5730,NA
3983,NA
6148,NA
8594,NA
1141,NA
5189,NA
7576,NA
270,NA
2021,NA
5908,NA
7901,NA
2556,NA
5226,NA
3603,NA
4944,NA
4157,NA
3753,NA
4178,NA
2010,NA
2438,NA
2842,NA
2562,NA
7415,NA
3515,NA
4388,NA
8566,NA
3309,NA
16,NA
5938,NA
566,NA
903,NA
3003,NA
195,NA
8196,NA
2538,NA
5827,NA
8326,NA
113,NA
5614,NA
9539,NA
1346,NA
1333,NA
1424,NA
1130,NA
5969,NA
3953,NA
3300,NA
9965,NA
1277,NA
6415,NA
1162,NA
4594,NA
7342,NA
9406,NA
8237,NA
3777,NA
7330,NA
4151,NA
5309,NA
4092,NA
205,NA
44,NA
1525,NA
9067,NA
7046,NA
8373,NA
9880,NA
6895,NA
323,NA
4253,NA
5384,NA
3580,NA
5067,NA
87,NA
5509,NA
3427,NA
8908,NA
802,NA
434,NA
9052,NA
4045,NA
4135,NA
1074,NA
7318,NA
4172,NA
8391,NA
2320,NA
8942,NA
5009,NA
7963,NA
3464,NA
3219,NA
3592,NA
7143,NA
7013,NA
6720,NA
8017,NA
7662,NA
5244,NA
4675,NA
8803,NA
2768,NA
671,NA
8708,NA
8297,NA
153,NA
1130,NA
8833,NA
5235,NA
3100,NA
4026,NA
1539,NA
6726,NA
1082,NA
4214,NA
5907,NA
5721,NA
9320,NA
8264,NA
8259,NA
7746,NA
2608,NA
7614,NA
6811,NA
3556,NA
4626,NA
7550,NA
3891,NA
4768,NA
6931,NA
5962,NA
3478,NA
5404,NA
6630,NA
7722,NA
7636,NA
131,NA
7436,NA
9403,NA
7162,NA
2444,NA
8713,NA
6259,NA
5438,NA
9994,NA
4306,NA
8795,NA
8075,NA
6630,NA
8597,NA
1810,NA
9414,NA
6489,NA
4389,NA
8298,NA
9588,NA
4098,NA
8013,NA
6639,NA
6862,NA
2597,NA
1731,NA
9563,NA
8377,NA
1847,NA
9147,NA
1088,NA
9785,NA
8624,NA
5426,NA
9912,NA
9567,NA
8361,NA
3704,NA
8823,NA
4134,NA
9087,NA
5992,NA
5725,NA
6134,NA
6555,NA
6927,NA
5150,NA
7674,NA
1204,NA
9330,NA
6795,NA
8967,NA
9391,NA
814,NA
9945,NA
2511,NA
1146,NA
855,NA
7145,NA
1384,NA
7419,NA
8184,NA
4059,NA
6924,NA
976,NA
3228,NA
4501,NA
1522,NA
865,NA
5426,NA
4986,NA
4299,NA
4976,NA
1853,NA
1448,NA
8956,NA
4306,NA
279,NA
2304,NA
2821,NA
5053,NA
5113,NA
7790,NA
1689,NA
9906,NA
9072,NA
5810,NA
3260,NA
7832,NA
9952,NA
7038,NA
3199,NA
9871,NA
6531,NA
3677,NA
3858,NA
5826,NA
1325,NA
6499,NA
478,NA
9226,NA
6490,NA
2666,NA
5143,NA
2210,NA
3276,NA
6596,NA
3243,NA
5027,NA
2887,NA
6286,NA
7065,NA
1282,NA
8233,NA
8237,NA
527,NA
7935,NA
3807,NA
7428,NA
440,NA
6502,NA
7547,NA
7587,NA
7119,NA
6246,NA
3235,NA
2466,NA
4500,NA
5227,NA
9216,NA
665,NA
1124,NA
1993,NA
7469,NA
5446,NA
3353,NA
6996,NA
7557,NA
3061,NA
2222,NA
9581,NA
1009,NA
7103,NA
1074,NA
5642,NA
7705,NA
5199,NA
2964,NA
8792,NA
2958,NA
878,NA
5307,NA
6180,NA
5480,NA
1287,NA
562,NA
1620,NA
2691,NA
1034,NA
5263,NA
3710,NA
1110,NA
1351,NA
6439,NA
1524,NA
8570,NA
8839,NA
7028,NA
3128,NA
3404,NA
4034,NA
6419,NA
4262,NA
655,NA
3141,NA
2946,NA
8222,NA
738,NA
6004,NA
9030,NA
9965,NA
6989,NA
2038,NA
957,NA
4936,NA
1763,NA
4528,NA
6525,NA
8651,NA
3224,NA
1321,NA
3276,NA
8909,NA
6319,NA
8591,NA
9519,NA
295,NA
301,NA
7262,NA
6541,NA
4891,NA
2833,NA
9858,NA
1578,NA
844,NA
6112,NA
3013,NA
5491,NA
5552,NA
6062,NA
2750,NA
4302,NA
4758,NA
3610,NA
8996,NA
7987,NA
7883,NA
4790,NA
1859,NA
2515,NA
8374,NA
3463,NA
8633,NA
3584,NA
9117,NA
3019,NA
6335,NA
4075,NA
2498,NA
2875,NA
1087,NA
6531,NA
4054,NA
695,NA
9023,NA
8246,NA
2652,NA
943,NA
8687,NA
3531,NA
6317,NA
9352,NA
5867,NA
2900,NA
4688,NA
2418,NA
4439,NA
8286,NA
4427,NA
814,NA
5594,NA
595,NA
7026,NA
8216,NA
630,NA
2577,NA
491,NA
1533,NA
3934,NA
557,NA
220,NA
3177,NA
3635,NA
4302,NA
2960,NA
3437,NA
8716,NA
7555,NA
3254,NA
8707,NA
8,NA
5069,NA
6156,NA
2538,NA
6053,NA
1020,NA
8102,NA
4070,NA
1322,NA
5366,NA
2243,NA
5608,NA
4751,NA
8691,NA
1703,NA
5282,NA
6741,NA
3371,NA
1674,NA
3051,NA
751,NA
9084,NA
2168,NA
206,NA
7857,NA
559,NA
6818,NA
4297,NA
8966,NA
5168,NA
6956,NA
4824,NA
9294,NA
9812,NA
7898,NA
8001,NA
9642,NA
1196,NA
3817,NA
6899,NA
7514,NA
8773,NA
5597,NA
5295,NA
1948,NA
6626,NA
1253,NA
1440,NA
7740,NA
5357,NA
5920,NA
2856,NA
5320,NA
2263,NA
9572,NA
6110,NA
8874,NA
2003,NA
6774,NA
2536,NA
4402,NA
9161,NA
8688,NA
8073,NA
9207,NA
1561,NA
7230,NA
6909,NA
6230,NA
8466,NA
1795,NA
5292,NA
4929,NA
3313,NA
8865,NA
5462,NA
2084,NA
7814,NA
3072,NA
5202,NA
8911,NA
6526,NA
6541,NA
9648,NA
6334,NA
4050,NA
9,NA
3165,NA
9208,NA
8191,NA
458,NA
6881,NA
4935,NA
7812,NA
1774,NA
8456,NA
8995,NA
1310,NA
4104,NA
2717,NA
9973,NA
8211,NA
3569,NA
2492,NA
4267,NA
6365,NA
9192,NA
2183,NA
4040,NA
2204,NA
3752,NA
2961,NA
5848,NA
4719,NA
2262,NA
694,NA
847,NA
4484,NA
9090,NA
8685,NA
2542,NA
213,NA
4885,NA
2633,NA
8311,NA
1047,NA
1541,NA
3425,NA
1029,NA
2081,NA
887,NA
2860,NA
219,NA
240,NA
6290,NA
6886,NA
9372,NA
8932,NA
4149,NA
3683,NA
5121,NA
9999,NA
5923,NA
5340,NA
5298,NA
9199,NA
8075,NA
5220,NA
6911,NA
124,NA
7416,NA
3996,NA
6786,NA
1559,NA
4261,NA
5966,NA
4413,NA
5818,NA
7736,NA
7785,NA
3812,NA
6410,NA
2253,NA
8297,NA
3966,NA
7786,NA
3311,NA
633,NA
7750,NA
6273,NA
1451,NA
817,NA
2195,NA
9260,NA
1943,NA
6309,NA
5947,NA
7585,NA
3856,NA
5435,NA
4399,NA
6814,NA
3207,NA
3335,NA
3210,NA
7643,NA
9504,NA
3841,NA
8318,NA
5521,NA
8087,NA
6003,NA
9223,NA
7410,NA
9178,NA
44,NA
8252,NA
4876,NA
4741,NA
4245,NA
1673,NA
7689,NA
3291,NA
7560,NA
4850,NA
4354,NA
8375,NA
8386,NA
409,NA
6157,NA
4040,NA
2392,NA
7255,NA
3410,NA
8552,NA
9532,NA
6782,NA
8048,NA
8390,NA
2553,NA
5651,NA
4491,NA
578,NA
7674,NA
3028,NA
1294,NA
5004,NA
6815,NA
5400,NA
3395,NA
6038,NA
7462,NA
747,NA
4925,NA
8952,NA
5946,NA
7383,NA
892,NA
7331,NA
5456,NA
376,NA
5509,NA
1248,NA
8802,NA
9381,NA
8381,NA
5924,NA
3183,NA
8935,NA
6455,NA
7851,NA
6598,NA
8713,NA
1050,NA
8662,NA
109,NA
6410,NA
3822,NA
8006,NA
8238,NA
2026,NA
1871,NA
3810,NA
8280,NA
5984,NA
4283,NA
5541,NA
9454,NA
6989,NA
3467,NA
224,NA
4796,NA
7808,NA
8809,NA
3170,NA
4662,NA
3119,NA
418,NA
5459,NA
3220,NA
1727,NA
5858,NA
2223,NA
663,NA
1971,NA
6547,NA
2772,NA
3591,NA
8850,NA
5721,NA
78,NA
4736,NA
5485,NA
6518,NA
1308,NA
6419,NA
8241,NA
4132,NA
6191,NA
9195,NA
1264,NA
710,NA
7101,NA
9627,NA
6980,NA
8919,NA
2090,NA
4241,NA
5434,NA
6413,NA
9468,NA
6366,NA
9618,NA
3779,NA
2323,NA
852,NA
5103,NA
1564,NA
9105,NA
5438,NA
824,NA
4791,NA
4706,NA
2746,NA
2798,NA
9830,NA
5986,NA
6620,NA
7553,NA
4643,NA
8684,NA
4215,NA
9207,NA
5074,NA
2808,NA
1409,NA
1568,NA
875,NA
5983,NA
3722,NA
6112,NA
3941,NA
3186,NA
7003,NA
1284,NA
1298,NA
4270,NA
744,NA
4362,NA
6744,NA
253,NA
9794,NA
4584,NA
1655,NA
5499,NA
7093,NA
3040,NA
302,NA
5230,NA
4878,NA
6049,NA
1060,NA
633,NA
3597,NA
7982,NA
1533,NA
460,NA
9081,NA
9699,NA
9755,NA
4429,NA
462,NA
6328,NA
2188,NA
7701,NA
2007,NA
4501,NA
6640,NA
1178,NA
2530,NA
4241,NA
7331,NA
5998,NA
7283,NA
2802,NA
1050,NA
2082,NA
4059,NA
6905,NA
7454,NA
280,NA
9148,NA
8527,NA
9828,NA
8679,NA
2836,NA
3035,NA
7630,NA
4802,NA
9708,NA
2424,NA
1189,NA
9485,NA
731,NA
6603,NA
1917,NA
4557,NA
4208,NA
7683,NA
6237,NA
8953,NA
4047,NA
2065,NA
3174,NA
4892,NA
9546,NA
7162,NA
2723,NA
4998,NA
1785,NA
9867,NA
8316,NA
8941,NA
2411,NA
194,NA
8092,NA
4295,NA
4280,NA
497,NA
3210,NA
7963,NA
745,NA
2393,NA
9998,NA
7952,NA
5208,NA
5368,NA
1297,NA
8940,NA
8002,NA
2653,NA
973,NA
8004,NA
6533,NA
7782,NA
8163,NA
9277,NA
2426,NA
1576,NA
8271,NA
5799,NA
5514,NA
6115,NA
8090,NA
5189,NA
218,NA
3521,NA
1606,NA
6798,NA
2102,NA
5154,NA
3150,NA
5135,NA
4456,NA
8735,NA
5472,NA
5804,NA
3594,NA
8596,NA
9959,NA
5879,NA
3494,NA
5498,NA
3953,NA
4429,NA
2035,NA
9843,NA
9494,NA
4860,NA
1133,NA
1080,NA
1456,NA
7273,NA
121,NA
1647,NA
6291,NA
7301,NA
4379,NA
42,NA
7114,NA
8754,NA
5504,NA
5938,NA
7350,NA
7035,NA
7592,NA
346,NA
7194,NA
5721,NA
9254,NA
9547,NA
6199,NA
4497,NA
5046,NA
4097,NA
7246,NA
9170,NA
4429,NA
7744,NA
5909,NA
2381,NA
5737,NA
8605,NA
4629,NA
2985,NA
761,NA
2206,NA
1272,NA
294,NA
7130,NA
4317,NA
7684,NA
7771,NA
2420,NA
5812,NA
7990,NA
9294,NA
833,NA
9082,NA
5577,NA
2028,NA
8845,NA
7944,NA
6396,NA
3100,NA
5155,NA
985,NA
8116,NA
5990,NA
2318,NA
8268,NA
8151,NA
772,NA
9589,NA
4265,NA
4952,NA
8374,NA
9442,NA
4930,NA
1936,NA
4736,NA
8160,NA
2406,NA
5553,NA
5304,NA
7256,NA
560,NA
9046,NA
3935,NA
5986,NA
2573,NA
2251,NA
8781,NA
8644,NA
7874,NA
2944,NA
9914,NA
4977,NA
2281,NA
8075,NA
5279,NA
2338,NA
2055,NA
5263,NA
7638,NA
9928,NA
4205,NA
2899,NA
8657,NA
4596,NA
3408,NA
6737,NA
1992,NA
4777,NA
657,NA
2708,NA
7049,NA
6431,NA
8650,NA
2991,NA
6733,NA
5133,NA
6779,NA
4563,NA
9581,NA
9929,NA
6658,NA
5875,NA
6322,NA
6704,NA
9510,NA
6929,NA
2592,NA
3783,NA
9891,NA
8047,NA
3644,NA
3081,NA
3286,NA
9260,NA
9179,NA
192,NA
3840,NA
8018,NA
8150,NA
2701,NA
1069,NA
2480,NA
7491,NA
6937,NA
7771,NA
230,NA
8277,NA
5917,NA
4372,NA
7735,NA
5584,NA
9677,NA
8228,NA
3234,NA
5486,NA
7678,NA
7845,NA
4142,NA
5618,NA
1260,NA
1489,NA
2599,NA
9667,NA
7852,NA
4993,NA
6314,NA
868,NA
3866,NA
7358,NA
6703,NA
6997,NA
2426,NA
6159,NA
5231,NA
6982,NA
1117,NA
4093,NA
922,NA
4391,NA
372,NA
2403,NA
8170,NA
5570,NA
6816,NA
4741,NA
7056,NA
8502,NA
9757,NA
4154,NA
6608,NA
4278,NA
5849,NA
2067,NA
3079,NA
2977,NA
3838,NA
868,NA
6306,NA
6309,NA
2066,NA
6665,NA
7241,NA
6465,NA
4406,NA
2031,NA
7579,NA
6185,NA
3722,NA
7477,NA
3373,NA
1320,NA
5663,NA
5199,NA
4496,NA
1731,NA
1433,NA
9621,NA
1960,NA
609,NA
1955,NA
2375,NA
8108,NA
2119,NA
781,NA
4806,NA
2113,NA
8950,NA
401,NA
9423,NA
8565,NA
2239,NA
5495,NA
2473,NA
218,NA
2119,NA
5433,NA
5365,NA
8218,NA
2821,NA
9001,NA
2041,NA
6718,NA
1332,NA
1397,NA
8405,NA
2987,NA
4734,NA
7252,NA
2204,NA
4623,NA
2658,NA
1804,NA
1719,NA
8743,NA
8803,NA
7172,NA
1958,NA
1924,NA
8861,NA
9146,NA
2084,NA
9129,NA
3138,NA
6278,NA
910,NA
3814,NA
8970,NA
2318,NA
9174,NA
1282,NA
8689,NA
9610,NA
6353,NA
6731,NA
1334,NA
8341,NA
8239,NA
2066,NA
1993,NA
2431,NA
2305,NA
7782,NA
9919,NA
8727,NA
8643,NA
524,NA
678,NA
488,NA
6379,NA
3273,NA
935,NA
3652,NA
9285,NA
5240,NA
9181,NA
1143,NA
2031,NA
5167,NA
5975,NA
8689,NA
515,NA
1282,NA
6246,NA
2598,NA
3177,NA
3125,NA
4208,NA
801,NA
5896,NA
3676,NA
7823,NA
3385,NA
3347,NA
3244,NA
5815,NA
3841,NA
6818,NA
7319,NA
5291,NA
7805,NA
8468,NA
473,NA
9379,NA
9608,NA
1899,NA
1517,NA
7509,NA
507,NA
5185,NA
6660,NA
8500,NA
3596,NA
8806,NA
2900,NA
1107,NA
4258,NA
6470,NA
128,NA
1037,NA
6058,NA
2092,NA
6076,NA
8888,NA
8172,NA
8009,NA
3269,NA
5546,NA
8073,NA
8485,NA
1036,NA
6886,NA
98,NA
1414,NA
8576,NA
8474,NA
6665,NA
9183,NA
3322,NA
7848,NA
7191,NA
6184,NA
6692,NA
9919,NA
6745,NA
9621,NA
8170,NA
3008,NA
1040,NA
3145,NA
844,NA
3841,NA
1236,NA
677,NA
6797,NA
768,NA
9933,NA
59,NA
3956,NA
7197,NA
9614,NA
683,NA
4900,NA
1475,NA
936,NA
6538,NA
485,NA
1862,NA
1279,NA
5336,NA
4817,NA
9888,NA
7392,NA
3349,NA
2695,NA
8223,NA
6866,NA
3552,NA
2553,NA
713,NA
5460,NA
360,NA
363,NA
9325,NA
3776,NA
9605,NA
5012,NA
1381,NA
3777,NA
7713,NA
8189,NA
546,NA
9410,NA
9774,NA
5708,NA
1192,NA
8388,NA
9288,NA
3311,NA
3065,NA
1306,NA
1759,NA
1985,NA
9519,NA
1799,NA
6131,NA
2692,NA
3355,NA
7718,NA
5110,NA
8666,NA
7979,NA
7628,NA
5529,NA
8524,NA
2200,NA
7865,NA
9176,NA
5910,NA
7110,NA
4462,NA
8146,NA
2470,NA
5033,NA
4617,NA
7529,NA
7183,NA
674,NA
4691,NA
2518,NA
3521,NA
6098,NA
2886,NA
876,NA
9659,NA
1661,NA
3827,NA
2695,NA
5123,NA
8835,NA
6457,NA
656,NA
8815,NA
8816,NA
1984,NA
7996,NA
5775,NA
6709,NA
2945,NA
8555,NA
9798,NA
3835,NA
2484,NA
4727,NA
5760,NA
928,NA
447,NA
5428,NA
50,NA
9253,NA
7630,NA
6713,NA
5308,NA
464,NA
5565,NA
8660,NA
2200,NA
171,NA
7577,NA
7947,NA
2660,NA
1645,NA
5629,NA
1701,NA
4199,NA
9601,NA
5766,NA
6921,NA
3553,NA
3159,NA
3263,NA
4655,NA
5375,NA
8019,NA
1800,NA
830,NA
4142,NA
8650,NA
50,NA
6032,NA
2335,NA
4821,NA
2191,NA
7141,NA
6415,NA
6382,NA
6246,NA
7965,NA
6213,NA
4524,NA
1054,NA
2463,NA
6414,NA
2447,NA
2810,NA
578,NA
9273,NA
4132,NA
8485,NA
3229,NA
2489,NA
3114,NA
1293,NA
3687,NA
9881,NA
3255,NA
200,NA
8373,NA
6968,NA
9389,NA
5812,NA
5225,NA
4719,NA
1056,NA
9473,NA
691,NA
6670,NA
6754,NA
5614,NA
8510,NA
7522,NA
8528,NA
9702,NA
6870,NA
1412,NA
8145,NA
2228,NA
4736,NA
3813,NA
681,NA
7483,NA
7502,NA
1440,NA
185,NA
3854,NA
1215,NA
4340,NA
3422,NA
9996,NA
2882,NA
9448,NA
9301,NA
2970,NA
3558,NA
2578,NA
8772,NA
2222,NA
5892,NA
5557,NA
3766,NA
5139,NA
1413,NA
5287,NA
1404,NA
3230,NA
416,NA
2620,NA
4016,NA
6327,NA
8859,NA
5979,NA
4586,NA
60,NA
9882,NA
7199,NA
4874,NA
561,NA
9462,NA
5500,NA
6732,NA
9153,NA
9684,NA
3545,NA
1409,NA
4846,NA
6954,NA
2316,NA
4096,NA
3566,NA
3295,NA
1840,NA
778,NA
4501,NA
9686,NA
6144,NA
8693,NA
7197,NA
4493,NA
8675,NA
5051,NA
1934,NA
1625,NA
7347,NA
4557,NA
3796,NA
6636,NA
881,NA
466,NA
294,NA
3882,NA
8596,NA
3568,NA
5388,NA
3858,NA
7392,NA
8784,NA
6691,NA
7192,NA
6317,NA
7498,NA
3382,NA
7471,NA
9742,NA
3886,NA
3704,NA
9303,NA
4866,NA
6778,NA
3321,NA
5418,NA
6691,NA
2763,NA
7478,NA
6846,NA
4478,NA
7415,NA
3913,NA
4842,NA
5869,NA
4188,NA
9210,NA
3906,NA
7104,NA
1349,NA
2479,NA
1327,NA
284,NA
2072,NA
3644,NA
8425,NA
7813,NA
6905,NA
8528,NA
4151,NA
3726,NA
1123,NA
8496,NA
232,NA
5869,NA
7281,NA
7517,NA
8536,NA
7455,NA
5323,NA
7046,NA
6239,NA
2791,NA
3939,NA
9916,NA
9858,NA
370,NA
9943,NA
6246,NA
3806,NA
7426,NA
7791,NA
2506,NA
5190,NA
760,NA
6249,NA
7071,NA
9576,NA
4475,NA
1234,NA
3589,NA
9211,NA
4239,NA
7487,NA
1334,NA
9184,NA
3164,NA
8447,NA
142,NA
2723,NA
94,NA
9702,NA
1256,NA
977,NA
8762,NA
3657,NA
9670,NA
385,NA
4030,NA
3318,NA
3536,NA
3671,NA
500,NA
8345,NA
4335,NA
6973,NA
7161,NA
4959,NA
5479,NA
228,NA
2643,NA
8572,NA
823,NA
1773,NA
9272,NA
5177,NA
9983,NA
4020,NA
5390,NA
2436,NA
2731,NA
7941,NA
6144,NA
4368,NA
9392,NA
3012,NA
596,NA
3360,NA
6949,NA
8434,NA
6613,NA
7851,NA
652,NA
2209,NA
9826,NA
8078,NA
9161,NA
24,NA
8844,NA
6075,NA
6817,NA
8678,NA
4454,NA
2523,NA
5067,NA
121,NA
8412,NA
7814,NA
6663,NA
5967,NA
3590,NA
2572,NA
3854,NA
3898,NA
4037,NA
1158,NA
8341,NA
8940,NA
3440,NA
4402,NA
9100,NA
1914,NA
5742,NA
334,NA
4705,NA
5119,NA
9064,NA
7863,NA
3497,NA
4166,NA
4144,NA
2309,NA
4187,NA
301,NA
4114,NA
7877,NA
6375,NA
4560,NA
1047,NA
3342,NA
8758,NA
162,NA
1964,NA
1081,NA
452,NA
5104,NA
4524,NA
5340,NA
5449,NA
3616,NA
5577,NA
397,NA
2424,NA
9122,NA
865,NA
6755,NA
5074,NA
5294,NA
7192,NA
2883,NA
5379,NA
6802,NA
9718,NA
786,NA
5963,NA
6555,NA
9389,NA
9564,NA
8237,NA
5044,NA
5308,NA
4057,NA
5373,NA
8727,NA
1570,NA
3313,NA
5350,NA
7279,NA
9939,NA
9363,NA
2458,NA
4347,NA
130,NA
5635,NA
9753,NA
8261,NA
8444,NA
7831,NA
2622,NA
8550,NA
9204,NA
5251,NA
8068,NA
7689,NA
1768,NA
6584,NA
3783,NA
4040,NA
6237,NA
8429,NA
6653,NA
6758,NA
288,NA
975,NA
4479,NA
3207,NA
6519,NA
8587,NA
2091,NA
1179,NA
3338,NA
6091,NA
3714,NA
3848,NA
7470,NA
7669,NA
904,NA
1339,NA
4939,NA
9585,NA
6007,NA
4553,NA
6768,NA
8165,NA
4899,NA
6690,NA
7772,NA
1794,NA
5723,NA
9919,NA
3685,NA
5798,NA
9186,NA
8466,NA
5980,NA
391,NA
6679,NA
5069,NA
3112,NA
1480,NA
5913,NA
2359,NA
8457,NA
3114,NA
7749,NA
9960,NA
9658,NA
5297,NA
2408,NA
2259,NA
7713,NA
8114,NA
1410,NA
1969,NA
1324,NA
4178,NA
5063,NA
7781,NA
3898,NA
6171,NA
5093,NA
6619,NA
4204,NA
8166,NA
7219,NA
6496,NA
8582,NA
139,NA
2301,NA
262,NA
4550,NA
8215,NA
4529,NA
1943,NA
22,NA
3796,NA
6235,NA
3404,NA
1310,NA
8628,NA
1356,NA
8460,NA
3340,NA
5708,NA
8148,NA
4598,NA
6266,NA
4642,NA
4134,NA
271,NA
9034,NA
6597,NA
4455,NA
6251,NA
2194,NA
1520,NA
4154,NA
9843,NA
9530,NA
4482,NA
2522,NA
5016,NA
3097,NA
6929,NA
1606,NA
5231,NA
3209,NA
6646,NA
9613,NA
1856,NA
681,NA
9387,NA
6017,NA
958,NA
5938,NA
4068,NA
509,NA
2001,NA
8516,NA
7989,NA
5989,NA
8224,NA
7146,NA
3577,NA
1936,NA
452,NA
5204,NA
3590,NA
3609,NA
5705,NA
9857,NA
630,NA
5330,NA
310,NA
3900,NA
4926,NA
5468,NA
7934,NA
6925,NA
4017,NA
5265,NA
2978,NA
8035,NA
4572,NA
1998,NA
1561,NA
3408,NA
5498,NA
8310,NA
6316,NA
1747,NA
9503,NA
5128,NA
7070,NA
3665,NA
5919,NA
1513,NA
9896,NA
7081,NA
3687,NA
8817,NA
658,NA
4655,NA
6590,NA
8076,NA
7171,NA
159,NA
8639,NA
8963,NA
8156,NA
8001,NA
1700,NA
9802,NA
3409,NA
698,NA
6384,NA
738,NA
2055,NA
9844,NA
8091,NA
8648,NA
4037,NA
9706,NA
9200,NA
5681,NA
4041,NA
9934,NA
1810,NA
5508,NA
3746,NA
5268,NA
9344,NA
3836,NA
2157,NA
1723,NA
1570,NA
3520,NA
4830,NA
5694,NA
3391,NA
9821,NA
8696,NA
6021,NA
2878,NA
8840,NA
4160,NA
1090,NA
1998,NA
1260,NA
2364,NA
4880,NA
3187,NA
7488,NA
2304,NA
2947,NA
7117,NA
5971,NA
9346,NA
4200,NA
1896,NA
8787,NA
1993,NA
3656,NA
1708,NA
8337,NA
3053,NA
2877,NA
6194,NA
2531,NA
7217,NA
9528,NA
2303,NA
2280,NA
3022,NA
6045,NA
8516,NA
2635,NA
9463,NA
7314,NA
9700,NA
8815,NA
100,NA
8996,NA
1229,NA
759,NA
6916,NA
5028,NA
1652,NA
7840,NA
9517,NA
4172,NA
2689,NA
1405,NA
6631,NA
2479,NA
9735,NA
9795,NA
9449,NA
4522,NA
3378,NA
3611,NA
3269,NA
1981,NA
5142,NA
1026,NA
2027,NA
8217,NA
7090,NA
3020,NA
933,NA
4014,NA
3180,NA
7099,NA
5956,NA
4434,NA
8102,NA
1251,NA
5520,NA
718,NA
9328,NA
9065,NA
8953,NA
6190,NA
7873,NA
7731,NA
9265,NA
8784,NA
6431,NA
4498,NA
1976,NA
3405,NA
3209,NA
6886,NA
6207,NA
9741,NA
1085,NA
1232,NA
1936,NA
1829,NA
4126,NA
9801,NA
6254,NA
7576,NA
713,NA
9114,NA
3857,NA
293,NA
8272,NA
4229,NA
9219,NA
689,NA
7387,NA
9425,NA
3318,NA
1212,NA
9328,NA
7622,NA
3126,NA
7634,NA
7547,NA
1757,NA
6345,NA
5714,NA
1804,NA
9949,NA
2387,NA
2322,NA
4831,NA
691,NA
3007,NA
4621,NA
2329,NA
6354,NA
4006,NA
135,NA
7131,NA
2762,NA
3511,NA
8717,NA
5033,NA
1300,NA
7718,NA
3229,NA
845,NA
8309,NA
8244,NA
8496,NA
4302,NA
9461,NA
7205,NA
9512,NA
857,NA
3246,NA
1219,NA
3365,NA
2074,NA
6353,NA
7727,NA
5182,NA
9489,NA
9521,NA
6304,NA
8875,NA
225,NA
8106,NA
2616,NA
7809,NA
526,NA
1417,NA
337,NA
7790,NA
5936,NA
1384,NA
2791,NA
852,NA
317,NA
6986,NA
6399,NA
5006,NA
1913,NA
2217,NA
7681,NA
5042,NA
201,NA
9589,NA
9975,NA
7090,NA
5800,NA
675,NA
9077,NA
8446,NA
8416,NA
9990,NA
2542,NA
5676,NA
6129,NA
5263,NA
1641,NA
7622,NA
9132,NA
3145,NA
1297,NA
3211,NA
9135,NA
2861,NA
3321,NA
3900,NA
4654,NA
5784,NA
6009,NA
1574,NA
6868,NA
4023,NA
3810,NA
1705,NA
6524,NA
9655,NA
9527,NA
5247,NA
2182,NA
3274,NA
8909,NA
7106,NA
4403,NA
5551,NA
9126,NA
7341,NA
4231,NA
6404,NA
7809,NA
1306,NA
9242,NA
5535,NA
8946,NA
4861,NA
5121,NA
2887,NA
6672,NA
842,NA
6092,NA
4852,NA
1127,NA
9837,NA
1673,NA
4722,NA
7518,NA
7960,NA
6107,NA
4767,NA
3420,NA
8738,NA
4785,NA
5729,NA
3548,NA
3936,NA
7251,NA
818,NA
7654,NA
3213,NA
9671,NA
5742,NA
7122,NA
2599,NA
5659,NA
6639,NA
9142,NA
7392,NA
3871,NA
8436,NA
1128,NA
6954,NA
4281,NA
8490,NA
5058,NA
2634,NA
8112,NA
6636,NA
502,NA
6274,NA
2934,NA
8175,NA
456,NA
610,NA
5552,NA
8109,NA
7410,NA
1532,NA
5818,NA
9570,NA
7618,NA
4581,NA
1436,NA
6267,NA
7695,NA
5145,NA
972,NA
9737,NA
5391,NA
5270,NA
2795,NA
6953,NA
5399,NA
5345,NA
366,NA
9846,NA
1658,NA
9310,NA
7053,NA
1676,NA
2459,NA
9191,NA
1445,NA
1648,NA
9387,NA
3912,NA
7875,NA
8128,NA
2233,NA
6384,NA
963,NA
2659,NA
8207,NA
2757,NA
7605,NA
6878,NA
3751,NA
3814,NA
645,NA
9261,NA
7480,NA
2486,NA
6457,NA
1415,NA
8394,NA
2547,NA
1357,NA
576,NA
3283,NA
1734,NA
3233,NA
3366,NA
4103,NA
3573,NA
1714,NA
4471,NA
1196,NA
534,NA
2282,NA
7068,NA
6283,NA
4128,NA
3879,NA
4953,NA
1505,NA
2618,NA
7134,NA
5685,NA
6284,NA
6414,NA
8449,NA
3097,NA
5987,NA
9440,NA
2174,NA
5689,NA
8766,NA
5805,NA
7281,NA
2788,NA
92,NA
3432,NA
2303,NA
6200,NA
8490,NA
2885,NA
2274,NA
7423,NA
3502,NA
4757,NA
3157,NA
3985,NA
9379,NA
2384,NA
5820,NA
2229,NA
4967,NA
3839,NA
8054,NA
2206,NA
2732,NA
5646,NA
9768,NA
4688,NA
4572,NA
8984,NA
1663,NA
3254,NA
4737,NA
4825,NA
2658,NA
5522,NA
4481,NA
2090,NA
9115,NA
7498,NA
1877,NA
3121,NA
6453,NA
9498,NA
5779,NA
1864,NA
1857,NA
8457,NA
9679,NA
689,NA
4040,NA
8396,NA
8354,NA
583,NA
608,NA
7549,NA
1437,NA
8314,NA
4883,NA
2036,NA
8309,NA
1755,NA
2987,NA
3180,NA
7285,NA
8435,NA
1260,NA
2657,NA
2911,NA
9965,NA
8084,NA
9364,NA
8569,NA
4113,NA
135,NA
8582,NA
8294,NA
2919,NA
8165,NA
2372,NA
9589,NA
7415,NA
2520,NA
5680,NA
6098,NA
2604,NA
8937,NA
2664,NA
5669,NA
988,NA
4389,NA
6969,NA
9935,NA
7102,NA
9232,NA
7429,NA
1467,NA
6334,NA
88,NA
1626,NA
6980,NA
8275,NA
733,NA
5146,NA
4588,NA
1589,NA
150,NA
8661,NA
4962,NA
3844,NA
4794,NA
165,NA
2106,NA
2104,NA
3874,NA
8302,NA
4710,NA
5871,NA
6587,NA
7070,NA
8172,NA
2487,NA
637,NA
3840,NA
4664,NA
7355,NA
4991,NA
7640,NA
7980,NA
1548,NA
4766,NA
2015,NA
9488,NA
7787,NA
855,NA
7248,NA
853,NA
6057,NA
5039,NA
7348,NA
6237,NA
6698,NA
2557,NA
3907,NA
4929,NA
1741,NA
3769,NA
6035,NA
7235,NA
7238,NA
8298,NA
6018,NA
5582,NA
3680,NA
7491,NA
2557,NA
1685,NA
620,NA
3873,NA
4198,NA
6025,NA
7839,NA
84,NA
6974,NA
5472,NA
5939,NA
9495,NA
7593,NA
1768,NA
7399,NA
833,NA
8752,NA
8698,NA
9140,NA
6323,NA
869,NA
7972,NA
8868,NA
423,NA
4637,NA
8748,NA
5402,NA
1657,NA
6425,NA
4063,NA
163,NA
8461,NA
6437,NA
9949,NA
6327,NA
5073,NA
8971,NA
5924,NA
7389,NA
8129,NA
6017,NA
3404,NA
681,NA
3711,NA
1797,NA
4519,NA
4246,NA
308,NA
4412,NA
2454,NA
5064,NA
4821,NA
6031,NA
9412,NA
3206,NA
5632,NA
7886,NA
8291,NA
877,NA
8114,NA
5909,NA
6208,NA
8143,NA
7715,NA
7508,NA
7020,NA
4247,NA
7544,NA
4696,NA
6287,NA
4126,NA
574,NA
2566,NA
543,NA
9497,NA
2076,NA
6337,NA
1673,NA
2565,NA
4920,NA
572,NA
2477,NA
3263,NA
1638,NA
80,NA
9197,NA
5503,NA
8868,NA
512,NA
3549,NA
3495,NA
6473,NA
543,NA
256,NA
3711,NA
9280,NA
8511,NA
1878,NA
4246,NA
1919,NA
7073,NA
4393,NA
8987,NA
2608,NA
4388,NA
780,NA
9117,NA
1109,NA
4842,NA
4909,NA
3149,NA
2220,NA
4230,NA
4261,NA
1227,NA
888,NA
6137,NA
2402,NA
5556,NA
9085,NA
1868,NA
5990,NA
4349,NA
5795,NA
585,NA
8887,NA
3070,NA
1297,NA
5855,NA
2107,NA
5401,NA
2305,NA
4553,NA
6276,NA
9084,NA
5884,NA
3800,NA
240,NA
2277,NA
4493,NA
1861,NA
8965,NA
8705,NA
6710,NA
9470,NA
5186,NA
9362,NA
2375,NA
6583,NA
7115,NA
67,NA
6549,NA
6941,NA
9346,NA
6843,NA
7705,NA
5558,NA
7488,NA
6367,NA
7019,NA
1380,NA
7396,NA
9361,NA
144,NA
8258,NA
5975,NA
7088,NA
5297,NA
2336,NA
8706,NA
9770,NA
2445,NA
3936,NA
9346,NA
6550,NA
7087,NA
4909,NA
2736,NA
117,NA
8984,NA
5616,NA
3505,NA
185,NA
9090,NA
8154,NA
1012,NA
6865,NA
2750,NA
7714,NA
7400,NA
1556,NA
5104,NA
7100,NA
6584,NA
5464,NA
4561,NA
7944,NA
7471,NA
8236,NA
5067,NA
3395,NA
8908,NA
9589,NA
7300,NA
4798,NA
4069,NA
803,NA
9528,NA
8529,NA
9744,NA
5140,NA
2425,NA
5915,NA
7899,NA
9211,NA
2666,NA
3494,NA
3458,NA
9926,NA
1379,NA
1034,NA
9822,NA
9449,NA
8515,NA
7958,NA
4493,NA
6590,NA
3553,NA
5932,NA
7991,NA
3852,NA
8084,NA
1545,NA
1175,NA
160,NA
8157,NA
4959,NA
9363,NA
7579,NA
8724,NA
5576,NA
9677,NA
6966,NA
7158,NA
6871,NA
9906,NA
9791,NA
6421,NA
2089,NA
1251,NA
5278,NA
5064,NA
8787,NA
992,NA
1907,NA
7486,NA
7772,NA
3282,NA
6712,NA
5989,NA
6803,NA
179,NA
4775,NA
1541,NA
4884,NA
2765,NA
1873,NA
5654,NA
1792,NA
656,NA
3274,NA
8169,NA
7072,NA
469,NA
7224,NA
7467,NA
5606,NA
4931,NA
6052,NA
1373,NA
3034,NA
5434,NA
8493,NA
5616,NA
1160,NA
6277,NA
4406,NA
8992,NA
4793,NA
230,NA
1375,NA
1183,NA
947,NA
7179,NA
2089,NA
427,NA
5533,NA
5413,NA
6323,NA
3725,NA
8185,NA
3997,NA
1647,NA
707,NA
4871,NA
5962,NA
4776,NA
4933,NA
7095,NA
7903,NA
6753,NA
7171,NA
2934,NA
1672,NA
9791,NA
8870,NA
2617,NA
343,NA
8563,NA
5381,NA
9943,NA
3816,NA
5119,NA
7386,NA
2770,NA
5175,NA
5879,NA
6667,NA
6143,NA
1023,NA
1185,NA
4916,NA
1323,NA
9014,NA
4483,NA
9921,NA
134,NA
2161,NA
482,NA
2769,NA
34,NA
1248,NA
2947,NA
2425,NA
5420,NA
1356,NA
6937,NA
9664,NA
9189,NA
2788,NA
6289,NA
8436,NA
3630,NA
2716,NA
4726,NA
585,NA
2467,NA
3407,NA
5409,NA
1675,NA
7363,NA
5865,NA
7227,NA
2014,NA
1026,NA
3094,NA
9330,NA
3826,NA
2151,NA
8577,NA
8967,NA
5154,NA
8472,NA
9416,NA
4213,NA
6223,NA
9573,NA
8697,NA
906,NA
5402,NA
2461,NA
646,NA
1872,NA
969,NA
6873,NA
7651,NA
1330,NA
6098,NA
3532,NA
6925,NA
6123,NA
1231,NA
6279,NA
9801,NA
260,NA
3037,NA
6185,NA
6331,NA
8801,NA
7569,NA
7013,NA
8578,NA
3124,NA
1487,NA
7169,NA
6617,NA
3774,NA
842,NA
514,NA
6019,NA
964,NA
3337,NA
2683,NA
912,NA
5599,NA
3956,NA
4665,NA
788,NA
4365,NA
3910,NA
2367,NA
5573,NA
5932,NA
526,NA
2967,NA
2955,NA
8828,NA
8296,NA
3417,NA
961,NA
5211,NA
4493,NA
4374,NA
4353,NA
9405,NA
5814,NA
5835,NA
1894,NA
4134,NA
1470,NA
5056,NA
9849,NA
6909,NA
4047,NA
6399,NA
4785,NA
9526,NA
8207,NA
475,NA
7285,NA
8192,NA
9555,NA
7336,NA
3378,NA
1930,NA
2159,NA
341,NA
4424,NA
1288,NA
5972,NA
1599,NA
9205,NA
403,NA
5235,NA
7676,NA
3889,NA
8148,NA
6846,NA
3480,NA
9554,NA
8715,NA
9913,NA
7550,NA
8330,NA
2566,NA
7123,NA
6181,NA
7616,NA
7607,NA
9303,NA
9779,NA
1226,NA
8890,NA
5310,NA
9810,NA
7494,NA
420,NA
5929,NA
4905,NA
1228,NA
7834,NA
4562,NA
2225,NA
5791,NA
768,NA
4167,NA
2902,NA
9343,NA
2831,NA
1571,NA
5304,NA
6122,NA
2758,NA
1079,NA
6981,NA
2752,NA
6502,NA
3573,NA
4443,NA
3793,NA
5345,NA
4587,NA
1689,NA
4487,NA
973,NA
2521,NA
5223,NA
7975,NA
8956,NA
9915,NA
3259,NA
6884,NA
6474,NA
8981,NA
500,NA
5378,NA
5791,NA
9953,NA
5984,NA
7192,NA
3935,NA
3820,NA
505,NA
9623,NA
6949,NA
1228,NA
3153,NA
5781,NA
4444,NA
3885,NA
7802,NA
9669,NA
2833,NA
1613,NA
2044,NA
1187,NA
1597,NA
7165,NA
9367,NA
5067,NA
2306,NA
9341,NA
8121,NA
8750,NA
3297,NA
5002,NA
1824,NA
2284,NA
5504,NA
3951,NA
6776,NA
6298,NA
988,NA
4938,NA
1023,NA
573,NA
5481,NA
1516,NA
8209,NA
6832,NA
1361,NA
2505,NA
2876,NA
9010,NA
2436,NA
4189,NA
701,NA
7745,NA
7998,NA
2359,NA
8309,NA
4759,NA
5248,NA
4220,NA
17,NA
1826,NA
7952,NA
1725,NA
9762,NA
4486,NA
4195,NA
4100,NA
5266,NA
4388,NA
6786,NA
1976,NA
1258,NA
978,NA
2583,NA
3241,NA
87,NA
3928,NA
1101,NA
897,NA
2757,NA
2938,NA
2922,NA
9453,NA
5157,NA
1970,NA
8511,NA
9990,NA
228,NA
8493,NA
6690,NA
5703,NA
6223,NA
7041,NA
4461,NA
6179,NA
4949,NA
2315,NA
8521,NA
3543,NA
8083,NA
2156,NA
9581,NA
5639,NA
7057,NA
4691,NA
9999,NA
200,NA
5416,NA
2168,NA
9851,NA
5233,NA
8221,NA
7,NA
7427,NA
481,NA
7437,NA
5987,NA
8068,NA
7957,NA
9780,NA
4649,NA
6512,NA
820,NA
7085,NA
3290,NA
6499,NA
7462,NA
5680,NA
6246,NA
953,NA
566,NA
4043,NA
5318,NA
9087,NA
8694,NA
3276,NA
326,NA
1174,NA
723,NA
103,NA
4049,NA
3923,NA
318,NA
6744,NA
4518,NA
2656,NA
1174,NA
6852,NA
8970,NA
7928,NA
5840,NA
9817,NA
9865,NA
1987,NA
2051,NA
2813,NA
3599,NA
6500,NA
5103,NA
7620,NA
4196,NA
4664,NA
4905,NA
2834,NA
1606,NA
7543,NA
1314,NA
8374,NA
4793,NA
4825,NA
2727,NA
9104,NA
8764,NA
5681,NA
4632,NA
4272,NA
2170,NA
8322,NA
4571,NA
347,NA
9123,NA
9637,NA
1787,NA
3164,NA
4831,NA
9373,NA
5479,NA
6093,NA
4821,NA
8925,NA
637,NA
4856,NA
2084,NA
4269,NA
8824,NA
7126,NA
2325,NA
5217,NA
5975,NA
3362,NA
9337,NA
2309,NA
5447,NA
2023,NA
3051,NA
5772,NA
3520,NA
9378,NA
9428,NA
3443,NA
6737,NA
3966,NA
7958,NA
8346,NA
4532,NA
9248,NA
122,NA
2458,NA
2579,NA
7035,NA
441,NA
5395,NA
8767,NA
574,NA
76,NA
3585,NA
6617,NA
4509,NA
9221,NA
3750,NA
7973,NA
4793,NA
2058,NA
7885,NA
8472,NA
4424,NA
3073,NA
832,NA
1121,NA
8820,NA
7406,NA
779,NA
4761,NA
2242,NA
4252,NA
1072,NA
3124,NA
6174,NA
1448,NA
7498,NA
4684,NA
1747,NA
4606,NA
7371,NA
5377,NA
7371,NA
5078,NA
1155,NA
6285,NA
6666,NA
5089,NA
6165,NA
9903,NA
2754,NA
2851,NA
2462,NA
9669,NA
5383,NA
1684,NA
323,NA
7592,NA
1394,NA
8094,NA
5480,NA
5953,NA
8972,NA
1901,NA
7858,NA
4877,NA
3937,NA
4721,NA
6117,NA
7767,NA
8906,NA
7076,NA
889,NA
70,NA
7534,NA
3633,NA
1228,NA
7017,NA
207,NA
1521,NA
344,NA
5934,NA
4223,NA
7328,NA
4636,NA
7830,NA
5157,NA
124,NA
2313,NA
5941,NA
2050,NA
8271,NA
9454,NA
4023,NA
5436,NA
2700,NA
484,NA
6286,NA
6854,NA
9720,NA
6874,NA
8762,NA
8059,NA
6690,NA
3401,NA
6502,NA
4291,NA
8456,NA
3586,NA
6565,NA
5422,NA
2489,NA
8956,NA
8934,NA
8452,NA
8255,NA
7054,NA
4753,NA
3705,NA
8904,NA
7947,NA
8578,NA
6049,NA
864,NA
1599,NA
508,NA
9598,NA
7099,NA
8375,NA
7305,NA
8580,NA
572,NA
1174,NA
6037,NA
7245,NA
9210,NA
6942,NA
8641,NA
9181,NA
4876,NA
3796,NA
4701,NA
5514,NA
6107,NA
6626,NA
914,NA
1499,NA
8872,NA
5177,NA
5616,NA
3720,NA
8230,NA
6362,NA
5521,NA
4630,NA
7811,NA
8438,NA
7185,NA
6063,NA
4586,NA
5586,NA
2720,NA
5788,NA
5724,NA
986,NA
4619,NA
437,NA
8931,NA
7793,NA
6563,NA
3213,NA
5667,NA
1265,NA
5065,NA
6138,NA
3276,NA
8343,NA
639,NA
776,NA
5628,NA
2930,NA
1680,NA
3128,NA
1676,NA
9950,NA
3116,NA
5305,NA
917,NA
156,NA
4637,NA
1262,NA
233,NA
9830,NA
6199,NA
1149,NA
7183,NA
2147,NA
1937,NA
4456,NA
4635,NA
3170,NA
1782,NA
6552,NA
1512,NA
1161,NA
2924,NA
5896,NA
4662,NA
8035,NA
1902,NA
1419,NA
8031,NA
9948,NA
149,NA
3038,NA
366,NA
7905,NA
7878,NA
8643,NA
9152,NA
8546,NA
3055,NA
6240,NA
9827,NA
6482,NA
4925,NA
8878,NA
2510,NA
4512,NA
4671,NA
9887,NA
2900,NA
7749,NA
5734,NA
7034,NA
8746,NA
459,NA
1369,NA
9886,NA
6432,NA
1774,NA
8658,NA
9002,NA
7392,NA
1260,NA
9425,NA
5380,NA
4566,NA
1274,NA
5086,NA
3348,NA
6090,NA
6973,NA
8994,NA
2071,NA
6657,NA
8602,NA
5650,NA
3687,NA
1488,NA
8141,NA
6525,NA
3815,NA
5233,NA
4809,NA
926,NA
12,NA
2278,NA
9628,NA
3972,NA
6077,NA
7343,NA
3762,NA
6116,NA
3364,NA
7786,NA
7245,NA
3952,NA
2477,NA
3649,NA
7022,NA
2468,NA
784,NA
8860,NA
2547,NA
1784,NA
5394,NA
9796,NA
4842,NA
2084,NA
6827,NA
2450,NA
5079,NA
4780,NA
1240,NA
5841,NA
2758,NA
5538,NA
1586,NA
5014,NA
2122,NA
6845,NA
4449,NA
2101,NA
1929,NA
3004,NA
5861,NA
3807,NA
2329,NA
4995,NA
3462,NA
4851,NA
6533,NA
7871,NA
5120,NA
7904,NA
2758,NA
8228,NA
5857,NA
5639,NA
6893,NA
5102,NA
8190,NA
2583,NA
7276,NA
9356,NA
1710,NA
4057,NA
112,NA
211,NA
606,NA
5005,NA
5160,NA
7303,NA
6096,NA
268,NA
8997,NA
866,NA
3472,NA
4637,NA
1674,NA
6969,NA
2254,NA
1482,NA
2000,NA
2472,NA
49,NA
6592,NA
7131,NA
7507,NA
241,NA
5477,NA
3928,NA
6701,NA
5261,NA
7196,NA
2940,NA
6692,NA
4046,NA
9904,NA
51,NA
2092,NA
8369,NA
303,NA
8577,NA
5542,NA
1334,NA
6421,NA
1732,NA
4656,NA
2669,NA
9785,NA
9587,NA
3204,NA
7079,NA
7309,NA
5771,NA
2252,NA
4310,NA
3881,NA
6488,NA
9702,NA
3458,NA
6726,NA
1613,NA
2861,NA
9726,NA
7202,NA
5964,NA
5819,NA
7480,NA
4322,NA
7830,NA
811,NA
6302,NA
3339,NA
8216,NA
9439,NA
4665,NA
1258,NA
8142,NA
1565,NA
9260,NA
2235,NA
182,NA
5535,NA
3737,NA
1557,NA
6897,NA
942,NA
3409,NA
9896,NA
8026,NA
56,NA
503,NA
1890,NA
1917,NA
2725,NA
5881,NA
6950,NA
4812,NA
1164,NA
2468,NA
9296,NA
8962,NA
144,NA
3926,NA
8720,NA
6888,NA
9470,NA
4627,NA
287,NA
9584,NA
328,NA
8134,NA
7178,NA
9687,NA
9516,NA
1891,NA
4388,NA
627,NA
1161,NA
9889,NA
3435,NA
211,NA
757,NA
2821,NA
5668,NA
2708,NA
965,NA
1140,NA
1285,NA
204,NA
3719,NA
278,NA
149,NA
9854,NA
8835,NA
3243,NA
9223,NA
549,NA
6027,NA
8702,NA
6384,NA
6022,NA
9556,NA
4129,NA
6598,NA
576,NA
1934,NA
7652,NA
6483,NA
4038,NA
8272,NA
2629,NA
4141,NA
1128,NA
8746,NA
1215,NA
3429,NA
1940,NA
1430,NA
7483,NA
128,NA
9524,NA
5243,NA
1360,NA
4493,NA
9878,NA
2359,NA
5169,NA
2997,NA
580,NA
3574,NA
1335,NA
9830,NA
2464,NA
5972,NA
1534,NA
6406,NA
8015,NA
9148,NA
3688,NA
6347,NA
3816,NA
9449,NA
7982,NA
7367,NA
6124,NA
2976,NA
4638,NA
2566,NA
1254,NA
5649,NA
1984,NA
8518,NA
8329,NA
2911,NA
9978,NA
307,NA
8170,NA
2933,NA
2900,NA
5715,NA
5460,NA
939,NA
9235,NA
1612,NA
5299,NA
3851,NA
5879,NA
1722,NA
4142,NA
5392,NA
2433,NA
4614,NA
3072,NA
3879,NA
3203,NA
176,NA
9214,NA
868,NA
1520,NA
2339,NA
8874,NA
3447,NA
8920,NA
407,NA
8639,NA
8057,NA
3782,NA
6771,NA
158,NA
8535,NA
8549,NA
9322,NA
8785,NA
2629,NA
5513,NA
9385,NA
2708,NA
975,NA
7658,NA
9546,NA
3107,NA
232,NA
4939,NA
6919,NA
2526,NA
6684,NA
5126,NA
2161,NA
3414,NA
7854,NA
4188,NA
7929,NA
3265,NA
5309,NA
584,NA
903,NA
8570,NA
2370,NA
9551,NA
348,NA
9106,NA
3798,NA
1215,NA
8244,NA
234,NA
5254,NA
2474,NA
5236,NA
8644,NA
2652,NA
1554,NA
7335,NA
467,NA
1627,NA
4554,NA
6248,NA
6609,NA
6620,NA
9642,NA
7132,NA
3515,NA
3098,NA
8225,NA
2548,NA
9263,NA
5553,NA
8357,NA
6448,NA
675,NA
2264,NA
1136,NA
4313,NA
4511,NA
9366,NA
3691,NA
800,NA
1671,NA
6294,NA
5820,NA
7673,NA
4182,NA
9297,NA
8916,NA
249,NA
3039,NA
2851,NA
8361,NA
4081,NA
415,NA
3507,NA
248,NA
8446,NA
5481,NA
5633,NA
4545,NA
5169,NA
8331,NA
7331,NA
6923,NA
5281,NA
2934,NA
9957,NA
1060,NA
6144,NA
7429,NA
9170,NA
4663,NA
7313,NA
654,NA
4717,NA
1221,NA
9283,NA
8194,NA
278,NA
9809,NA
285,NA
9637,NA
8667,NA
6099,NA
5198,NA
7133,NA
868,NA
1976,NA
724,NA
504,NA
8583,NA
8961,NA
2337,NA
3314,NA
9636,NA
4380,NA
7611,NA
2016,NA
7803,NA
67,NA
9151,NA
955,NA
8666,NA
4684,NA
2106,NA
5680,NA
8017,NA
1474,NA
5731,NA
7235,NA
5904,NA
6081,NA
3551,NA
7257,NA
3302,NA
8641,NA
7352,NA
4157,NA
1168,NA
6023,NA
2824,NA
1831,NA
1728,NA
775,NA
6790,NA
4594,NA
6401,NA
8048,NA
2050,NA
1050,NA
2022,NA
9180,NA
7065,NA
1052,NA
1144,NA
6708,NA
2759,NA
3760,NA
6614,NA
8027,NA
6040,NA
6765,NA
96,NA
2831,NA
4876,NA
2648,NA
9572,NA
241,NA
8348,NA
1540,NA
1024,NA
103,NA
2363,NA
391,NA
4039,NA
5752,NA
536,NA
5637,NA
7200,NA
2202,NA
7875,NA
2800,NA
6707,NA
9150,NA
1724,NA
9191,NA
909,NA
8716,NA
3823,NA
7889,NA
4473,NA
9197,NA
711,NA
1596,NA
9003,NA
9017,NA
2422,NA
121,NA
880,NA
5708,NA
5260,NA
9988,NA
2052,NA
137,NA
3411,NA
9531,NA
7762,NA
3836,NA
7031,NA
382,NA
9337,NA
726,NA
6175,NA
5196,NA
4851,NA
4971,NA
6378,NA
8140,NA
7519,NA
4277,NA
7663,NA
679,NA
1491,NA
8106,NA
4775,NA
951,NA
8948,NA
7492,NA
7765,NA
2379,NA
6050,NA
8243,NA
1022,NA
5411,NA
3193,NA
7764,NA
4323,NA
1866,NA
180,NA
3770,NA
7445,NA
7684,NA
2993,NA
7363,NA
731,NA
4777,NA
895,NA
5355,NA
6133,NA
4874,NA
8732,NA
3098,NA
9537,NA
5139,NA
4362,NA
8550,NA
956,NA
939,NA
1353,NA
445,NA
3355,NA
6105,NA
568,NA
2770,NA
7019,NA
6911,NA
991,NA
3918,NA
7726,NA
5149,NA
5223,NA
9337,NA
6897,NA
6475,NA
3305,NA
9713,NA
2848,NA
7039,NA
1901,NA
6827,NA
4140,NA
4099,NA
1641,NA
7212,NA
5506,NA
6563,NA
2446,NA
9910,NA
4692,NA
9170,NA
1517,NA
8471,NA
7546,NA
4411,NA
8080,NA
6548,NA
2263,NA
3510,NA
5068,NA
540,NA
1772,NA
7532,NA
8303,NA
5325,NA
2644,NA
483,NA
3859,NA
7059,NA
5486,NA
3771,NA
7769,NA
136,NA
5959,NA
6283,NA
7896,NA
8034,NA
1955,NA
9957,NA
8677,NA
6056,NA
1434,NA
8084,NA
4090,NA
1402,NA
7608,NA
1669,NA
5447,NA
356,NA
3668,NA
3356,NA
4771,NA
1090,NA
3496,NA
2,NA
2946,NA
9143,NA
2784,NA
3603,NA
3298,NA
6966,NA
4228,NA
8688,NA
1714,NA
7093,NA
7978,NA
1491,NA
7458,NA
1644,NA
3147,NA
2718,NA
6870,NA
1095,NA
1754,NA
3644,NA
1994,NA
1539,NA
3209,NA
471,NA
9448,NA
5475,NA
6002,NA
8636,NA
7699,NA
7407,NA
3475,NA
5255,NA
2082,NA
2736,NA
1987,NA
3815,NA
5644,NA
8402,NA
8515,NA
6315,NA
4942,NA
4382,NA
1529,NA
388,NA
5322,NA
6613,NA
6440,NA
8256,NA
8598,NA
4859,NA
51,NA
427,NA
9046,NA
3661,NA
4040,NA
1975,NA
2177,NA
5767,NA
9025,NA
3076,NA
3161,NA
2757,NA
4436,NA
727,NA
3945,NA
6516,NA
2212,NA
1849,NA
2908,NA
4555,NA
298,NA
3786,NA
3418,NA
4052,NA
9822,NA
4417,NA
9300,NA
3346,NA
6719,NA
7075,NA
5706,NA
2753,NA
6464,NA
3637,NA
4826,NA
503,NA
9261,NA
342,NA
4044,NA
4249,NA
6750,NA
7848,NA
3024,NA
626,NA
3841,NA
7217,NA
5078,NA
3921,NA
9856,NA
5730,NA
6322,NA
8623,NA
8219,NA
1342,NA
4873,NA
7544,NA
5365,NA
4102,NA
5266,NA
9500,NA
2764,NA
3942,NA
2215,NA
5329,NA
1590,NA
9789,NA
8193,NA
7933,NA
3990,NA
9300,NA
9175,NA
7036,NA
7679,NA
8622,NA
8324,NA
3543,NA
5638,NA
1590,NA
8375,NA
5059,NA
4572,NA
9426,NA
4063,NA
6109,NA
1832,NA
5832,NA
2500,NA
2657,NA
7972,NA
8687,NA
2115,NA
4733,NA
3407,NA
6863,NA
9531,NA
4663,NA
4033,NA
7132,NA
4577,NA
8973,NA
3885,NA
1824,NA
633,NA
5640,NA
8787,NA
7144,NA
2839,NA
1709,NA
878,NA
3474,NA
1705,NA
1664,NA
702,NA
5621,NA
9137,NA
1695,NA
7158,NA
3603,NA
7363,NA
8533,NA
505,NA
4014,NA
1212,NA
8660,NA
4366,NA
6526,NA
8384,NA
1380,NA
9652,NA
635,NA
7226,NA
9943,NA
6869,NA
2009,NA
5086,NA
4867,NA
2587,NA
4419,NA
6284,NA
8740,NA
6797,NA
9608,NA
8612,NA
2598,NA
6044,NA
3838,NA
7338,NA
6932,NA
5759,NA
3911,NA
4216,NA
6795,NA
9571,NA
3474,NA
5349,NA
6694,NA
6573,NA
4907,NA
2370,NA
6305,NA
27,NA
9512,NA
2560,NA
7655,NA
4656,NA
7738,NA
7577,NA
1502,NA
3770,NA
856,NA
7880,NA
3412,NA
7290,NA
8640,NA
9035,NA
6465,NA
293,NA
7249,NA
6029,NA
6701,NA
8500,NA
1193,NA
9563,NA
7762,NA
2564,NA
3886,NA
5667,NA
5835,NA
9761,NA
7975,NA
137,NA
8209,NA
1810,NA
6221,NA
3957,NA
7296,NA
4022,NA
5632,NA
6987,NA
7245,NA
6129,NA
1009,NA
8074,NA
6517,NA
5967,NA
6933,NA
8876,NA
8319,NA
5895,NA
8198,NA
7499,NA
8466,NA
2173,NA
2970,NA
6369,NA
8585,NA
832,NA
7880,NA
4310,NA
5517,NA
1467,NA
562,NA
2047,NA
9799,NA
7367,NA
366,NA
6226,NA
7446,NA
5199,NA
6717,NA
262,NA
6168,NA
6629,NA
1091,NA
284,NA
5931,NA
8728,NA
5420,NA
1523,NA
9531,NA
7695,NA
2942,NA
2369,NA
4404,NA
9331,NA
4084,NA
8675,NA
1550,NA
8248,NA
5002,NA
4501,NA
478,NA
52,NA
9641,NA
1968,NA
8666,NA
442,NA
1268,NA
28,NA
732,NA
5279,NA
75,NA
736,NA
2693,NA
2557,NA
6673,NA
7671,NA
953,NA
4777,NA
9216,NA
4453,NA
6924,NA
187,NA
5740,NA
2697,NA
9274,NA
12,NA
1021,NA
2739,NA
8292,NA
5758,NA
3362,NA
9790,NA
2504,NA
9204,NA
2393,NA
736,NA
8353,NA
4266,NA
9164,NA
7069,NA
8343,NA
5134,NA
4912,NA
1328,NA
8177,NA
677,NA
1763,NA
2167,NA
1387,NA
5727,NA
9503,NA
6382,NA
9825,NA
6627,NA
5142,NA
4998,NA
8676,NA
2407,NA
5421,NA
3915,NA
4543,NA
3767,NA
9178,NA
1935,NA
4091,NA
6453,NA
3796,NA
8377,NA
4938,NA
9647,NA
3047,NA
8258,NA
707,NA
5815,NA
613,NA
5746,NA
2367,NA
6927,NA
3098,NA
6117,NA
6899,NA
7567,NA
1451,NA
6257,NA
2368,NA
2233,NA
4201,NA
3841,NA
7688,NA
4000,NA
4763,NA
4894,NA
1893,NA
6532,NA
4785,NA
4457,NA
199,NA
8801,NA
8785,NA
2036,NA
2766,NA
3855,NA
9162,NA
916,NA
2679,NA
1912,NA
1231,NA
1790,NA
362,NA
9529,NA
6820,NA
9869,NA
4518,NA
3130,NA
2572,NA
5964,NA
8001,NA
2314,NA
8691,NA
6636,NA
7388,NA
581,NA
6595,NA
5944,NA
39,NA
3411,NA
1007,NA
4906,NA
3881,NA
8057,NA
6334,NA
3584,NA
6983,NA
6556,NA
7570,NA
8391,NA
4609,NA
5698,NA
3723,NA
7048,NA
3893,NA
7582,NA
8755,NA
9876,NA
3291,NA
6483,NA
8300,NA
2627,NA
5488,NA
880,NA
7314,NA
4033,NA
2901,NA
4109,NA
9719,NA
8513,NA
5507,NA
720,NA
6443,NA
8595,NA
9962,NA
3678,NA
1955,NA
9171,NA
2053,NA
8600,NA
9877,NA
7645,NA
3341,NA
8380,NA
1022,NA
3119,NA
7565,NA
77,NA
398,NA
5279,NA
9588,NA
9093,NA
3858,NA
2571,NA
7464,NA
8980,NA
275,NA
4109,NA
9398,NA
9358,NA
4405,NA
1940,NA
3058,NA
9509,NA
8658,NA
1046,NA
5935,NA
1405,NA
9440,NA
4673,NA
5344,NA
8027,NA
1526,NA
5572,NA
9228,NA
1655,NA
302,NA
672,NA
4165,NA
1882,NA
1912,NA
2827,NA
691,NA
6961,NA
1921,NA
4830,NA
8036,NA
7974,NA
8961,NA
6161,NA
4264,NA
2165,NA
2420,NA
7176,NA
1912,NA
1977,NA
2092,NA
7136,NA
849,NA
2248,NA
5858,NA
8272,NA
8076,NA
2774,NA
2897,NA
3590,NA
3562,NA
8570,NA
2321,NA
6263,NA
4888,NA
3512,NA
944,NA
9557,NA
7354,NA
3449,NA
8106,NA
2351,NA
3177,NA
907,NA
2736,NA
5932,NA
5739,NA
2157,NA
675,NA
2050,NA
1607,NA
48,NA
672,NA
2601,NA
2236,NA
1455,NA
3676,NA
506,NA
7504,NA
7384,NA
4559,NA
1147,NA
4230,NA
6165,NA
3041,NA
5960,NA
3144,NA
4268,NA
2574,NA
4144,NA
6729,NA
2721,NA
420,NA
2885,NA
7574,NA
7533,NA
1098,NA
645,NA
6819,NA
1530,NA
5888,NA
628,NA
1537,NA
1154,NA
7016,NA
3700,NA
839,NA
1035,NA
7271,NA
4675,NA
1973,NA
1290,NA
272,NA
9524,NA
3872,NA
1294,NA
7507,NA
7564,NA
3040,NA
5633,NA
6827,NA
3099,NA
6989,NA
8948,NA
9091,NA
2355,NA
2644,NA
5507,NA
6106,NA
3600,NA
8130,NA
2630,NA
2777,NA
412,NA
5080,NA
8954,NA
7880,NA
6847,NA
8659,NA
8090,NA
6932,NA
8395,NA
5250,NA
1066,NA
1643,NA
3135,NA
2563,NA
5805,NA
8862,NA
5995,NA
3157,NA
8774,NA
5157,NA
7349,NA
1567,NA
679,NA
6389,NA
7,NA
813,NA
8521,NA
7842,NA
7513,NA
8322,NA
4867,NA
271,NA
5203,NA
7417,NA
7056,NA
2218,NA
8932,NA
7018,NA
3198,NA
8704,NA
3799,NA
2010,NA
2168,NA
3716,NA
2235,NA
9166,NA
785,NA
3718,NA
3643,NA
3869,NA
3619,NA
2697,NA
9041,NA
1166,NA
1405,NA
7126,NA
1068,NA
3895,NA
3304,NA
3849,NA
5889,NA
2786,NA
2573,NA
6033,NA
3592,NA
2648,NA
9476,NA
3610,NA
5517,NA
3344,NA
9503,NA
5110,NA
6201,NA
9092,NA
2602,NA
2864,NA
2749,NA
746,NA
4634,NA
2945,NA
9146,NA
258,NA
9528,NA
2108,NA
6723,NA
9266,NA
8948,NA
6109,NA
2013,NA
6388,NA
6383,NA
2508,NA
9499,NA
5688,NA
3447,NA
9555,NA
3002,NA
5275,NA
4558,NA
4607,NA
7660,NA
7447,NA
3986,NA
3144,NA
3728,NA
5129,NA
7175,NA
6257,NA
6036,NA
3980,NA
9740,NA
3335,NA
3486,NA
1295,NA
2953,NA
2942,NA
3882,NA
8602,NA
9856,NA
4399,NA
3406,NA
3589,NA
756,NA
5781,NA
4247,NA
8236,NA
1042,NA
2763,NA
8125,NA
1891,NA
9320,NA
7883,NA
9665,NA
9703,NA
801,NA
9040,NA
3941,NA
5089,NA
1443,NA
3336,NA
3762,NA
252,NA
6736,NA
671,NA
301,NA
3032,NA
959,NA
5972,NA
8658,NA
5902,NA
9306,NA
9738,NA
4394,NA
5513,NA
4347,NA
518,NA
1820,NA
2240,NA
3439,NA
2398,NA
5547,NA
2584,NA
3163,NA
1967,NA
6241,NA
9658,NA
8325,NA
7018,NA
4914,NA
5628,NA
3225,NA
2824,NA
901,NA
8234,NA
5191,NA
2012,NA
7044,NA
3556,NA
48,NA
5400,NA
992,NA
9440,NA
4437,NA
8401,NA
8762,NA
6532,NA
6487,NA
6323,NA
7704,NA
2450,NA
1968,NA
8164,NA
1630,NA
789,NA
5942,NA
9640,NA
7307,NA
5482,NA
2122,NA
2381,NA
988,NA
5657,NA
8059,NA
1002,NA
988,NA
4416,NA
3696,NA
5233,NA
3938,NA
3472,NA
1336,NA
248,NA
6495,NA
1062,NA
2401,NA
7603,NA
9259,NA
1001,NA
5878,NA
306,NA
2618,NA
2632,NA
4486,NA
9473,NA
5940,NA
131,NA
2848,NA
3397,NA
9630,NA
4322,NA
5532,NA
774,NA
4553,NA
1994,NA
8056,NA
5647,NA
2892,NA
9816,NA
7523,NA
4774,NA
4905,NA
5219,NA
5975,NA
792,NA
445,NA
7939,NA
8186,NA
2246,NA
8182,NA
4937,NA
4417,NA
3963,NA
6912,NA
9305,NA
2545,NA
4218,NA
697,NA
5364,NA
438,NA
7682,NA
6543,NA
8375,NA
1865,NA
3004,NA
4911,NA
9825,NA
437,NA
174,NA
2393,NA
1083,NA
4504,NA
8280,NA
6622,NA
5397,NA
603,NA
5239,NA
9375,NA
9470,NA
192,NA
1325,NA
655,NA
2334,NA
1974,NA
7875,NA
2215,NA
7660,NA
8999,NA
1394,NA
4428,NA
16,NA
8720,NA
3676,NA
2874,NA
9751,NA
4410,NA
2418,NA
6157,NA
1544,NA
4734,NA
6090,NA
5558,NA
7344,NA
5681,NA
8465,NA
458,NA
9521,NA
7266,NA
8076,NA
5790,NA
4976,NA
8011,NA
8798,NA
6742,NA
7799,NA
9051,NA
2042,NA
7820,NA
3486,NA
2379,NA
7831,NA
7823,NA
9170,NA
247,NA
266,NA
7969,NA
3639,NA
8890,NA
4163,NA
3750,NA
4893,NA
805,NA
4605,NA
1322,NA
2507,NA
6245,NA
9595,NA
4010,NA
8066,NA
9846,NA
6799,NA
4795,NA
2844,NA
4732,NA
2957,NA
1897,NA
5658,NA
5719,NA
6543,NA
2284,NA
5288,NA
3366,NA
3842,NA
9486,NA
3294,NA
5095,NA
8813,NA
3034,NA
876,NA
7925,NA
3407,NA
1597,NA
2344,NA
9296,NA
133,NA
8204,NA
7374,NA
6195,NA
7838,NA
8244,NA
1428,NA
4492,NA
5105,NA
6319,NA
8116,NA
3552,NA
9506,NA
4480,NA
2660,NA
107,NA
3096,NA
4465,NA
6114,NA
1375,NA
6157,NA
7642,NA
7470,NA
9747,NA
8604,NA
6624,NA
504,NA
9435,NA
57,NA
3426,NA
6771,NA
278,NA
6053,NA
7006,NA
7017,NA
5202,NA
150,NA
8719,NA
4434,NA
2136,NA
1520,NA
5053,NA
9741,NA
3570,NA
6931,NA
5818,NA
221,NA
292,NA
1614,NA
4778,NA
7133,NA
5909,NA
8826,NA
3370,NA
7018,NA
1936,NA
1498,NA
5057,NA
5003,NA
4212,NA
7046,NA
8200,NA
7932,NA
2474,NA
6732,NA
3133,NA
3988,NA
2502,NA
5648,NA
1850,NA
6742,NA
1223,NA
2873,NA
5612,NA
7260,NA
3226,NA
881,NA
4067,NA
4453,NA
6164,NA
7286,NA
5884,NA
693,NA
1648,NA
9727,NA
6295,NA
3024,NA
5361,NA
9337,NA
6013,NA
8214,NA
559,NA
2058,NA
1989,NA
8685,NA
1318,NA
8675,NA
9567,NA
8754,NA
1770,NA
1080,NA
593,NA
9303,NA
2959,NA
4264,NA
6699,NA
4281,NA
3290,NA
4872,NA
9458,NA
9554,NA
3487,NA
1487,NA
5698,NA
4800,NA
2931,NA
2273,NA
1566,NA
3462,NA
5055,NA
6322,NA
6352,NA
259,NA
1578,NA
6862,NA
8950,NA
8024,NA
9987,NA
2168,NA
5872,NA
3434,NA
4078,NA
823,NA
3462,NA
6386,NA
8555,NA
5654,NA
5770,NA
8961,NA
9685,NA
1997,NA
7770,NA
8115,NA
889,NA
4983,NA
4467,NA
9708,NA
3037,NA
1272,NA
5652,NA
7742,NA
5278,NA
6662,NA
4742,NA
3384,NA
344,NA
135,NA
1283,NA
2095,NA
3700,NA
3767,NA
9733,NA
343,NA
4135,NA
7111,NA
6663,NA
6861,NA
1300,NA
7034,NA
7848,NA
9140,NA
846,NA
228,NA
4077,NA
6911,NA
8693,NA
2212,NA
3288,NA
5194,NA
2931,NA
5313,NA
2447,NA
9317,NA
5316,NA
7929,NA
9468,NA
846,NA
6984,NA
3871,NA
7515,NA
9821,NA
5250,NA
4454,NA
774,NA
7779,NA
1100,NA
1713,NA
9477,NA
9668,NA
6673,NA
4376,NA
4433,NA
1845,NA
7268,NA
8067,NA
7158,NA
545,NA
2501,NA
6582,NA
4203,NA
2246,NA
2557,NA
623,NA
7302,NA
1613,NA
7276,NA
345,NA
1974,NA
8912,NA
7955,NA
4708,NA
3357,NA
6006,NA
9447,NA
7156,NA
5239,NA
4395,NA
1975,NA
6368,NA
5704,NA
4980,NA
3966,NA
3253,NA
5576,NA
9239,NA
4973,NA
1788,NA
1416,NA
885,NA
5713,NA
2109,NA
4034,NA
5773,NA
6265,NA
9680,NA
809,NA
2304,NA
4254,NA
1564,NA
633,NA
7136,NA
4119,NA
8714,NA
3077,NA
2014,NA
8856,NA
8815,NA
8686,NA
3338,NA
900,NA
1963,NA
4584,NA
7773,NA
747,NA
9568,NA
8268,NA
5792,NA
136,NA
964,NA
5933,NA
4196,NA
1818,NA
423,NA
81,NA
9551,NA
1561,NA
6863,NA
411,NA
1859,NA
4141,NA
2137,NA
7957,NA
667,NA
1614,NA
6400,NA
7072,NA
8545,NA
3905,NA
6693,NA
4322,NA
3098,NA
1758,NA
8653,NA
2901,NA
1061,NA
4637,NA
1773,NA
4443,NA
7778,NA
3284,NA
4287,NA
3799,NA
5607,NA
5651,NA
7505,NA
2801,NA
8252,NA
2572,NA
5383,NA
2451,NA
402,NA
9986,NA
4041,NA
4895,NA
3774,NA
646,NA
2913,NA
1008,NA
2296,NA
9363,NA
3544,NA
1906,NA
6593,NA
1273,NA
1040,NA
4752,NA
7029,NA
8538,NA
7098,NA
6725,NA
8081,NA
6337,NA
2136,NA
